826
[28, 60, 0, 1, 3, -0.8169579829999798, -0.3495087030681395]
[29, 58, 1, 0, 180, -0.755081011357096, -0.3569971549874795]
[24, 59, 2, 3, -0.5054145127310149, -0.09217132600430611]
[25, 61, 3, 2, 0, -0.7436645337093023, -0.21646864415867284]
[29, 48, 4, -0.2248501309375166, -0.9481436783158638]
[15, 47, 5, -0.30619427278135536, -0.46914979350184316]
[63, 63, 6, 7, 8, 408, 821, 404, 423, 425, 12, 403, 424, 9, 13, 406, 819, 11, 820, -0.5398268554746798, -0.5128436009597]
[63, 62, 7, 6, 821, 8, 9, 12, 408, 404, 425, 17, 819, 11, 13, 423, 812, 820, 10, 15, 403, 424, 809, -0.07674244000339236, -0.560144329765411]
[62, 63, 8, 6, 408, 7, 404, 13, 12, 403, 821, 11, 423, 26, 406, 9, 383, 425, 10, 30, 405, 424, -0.8979226823141313, -0.12076895972283841]
[63, 60, 9, 17, 812, 7, 12, 15, 18, 809, 811, 821, 810, 6, 10, 8, 11, 816, 820, 14, 16, 808, 815, 819, -0.504697790600566, -0.7900517576735637]
[60, 60, 10, 11, 31, 12, 15, 23, 30, 16, 28, 29, 18, 24, 9, 13, 33, 14, 17, 26, 7, 8, 25, 27, -0.830499678537498, -0.21672751688050285]
[60, 61, 11, 10, 12, 30, 31, 13, 29, 15, 23, 26, 28, 8, 27, 16, 7, 9, 33, 383, 404, 6, 17, 18, 24, 381, 408, -0.4787402326650698, -0.2938733025121609]
[61, 61, 12, 11, 10, 15, 30, 7, 8, 9, 13, 31, 6, 17, 23, 26, 29, 404, 16, 18, 28, 408, 821, 27, 383, 812, -0.24099995370787386, -0.20990276788082673]
[60, 63, 13, 26, 383, 404, 8, 11, 27, 12, 30, 381, 403, 408, 29, 382, 6, 10, 405, 7, 31, 378, 28, 379, 406, -0.9154393059444623, -0.9238687774264414]
[61, 57, 14, 16, 18, 19, 15, 50, 17, 23, 25, 10, 24, 49, 56, 811, 9, 31, 43, 48, 773, 812, -0.31960768180267707, -0.4819703074382723]
[61, 59, 15, 10, 16, 18, 12, 14, 17, 23, 9, 11, 31, 30, 812, 19, 24, 28, 811, 7, 25, 29, -0.31161102881428937, -0.30908212420546266]
[60, 58, 16, 14, 15, 23, 10, 18, 24, 25, 31, 19, 28, 11, 12, 17, 21, 30, 9, 22, 29, 33, 43, 50, -0.6351703220441298, -0.4056009235772364]
[63, 59, 17, 9, 812, 18, 811, 15, 809, 810, 12, 14, 808, 7, 816, 10, 16, 19, 815, 821, 11, 817, 820, -0.24219014108518422, -0.9814139479854881]
[62, 58, 18, 14, 15, 17, 16, 19, 811, 9, 812, 10, 50, 810, 12, 23, 808, 809, 11, 31, 773, -0.5509472721393519, -0.5272351505237045]
[62, 56, 19, 50, 14, 18, 49, 48, 773, 16, 56, 811, 52, 15, 17, 55, 772, 808, 54, 770, 810, 812, -0.6644120759732686, -0.9339948604213297]
[56, 56, 20, 22, 89, 21, 69, 25, 43, 70, 88, 24, 85, -0.44781114096800145, -0.17302567375501776]
[57, 57, 21, 22, 25, 20, 24, 43, 88, 89, 23, 69, 33, 16, 28, 31, 70, -0.9996038790205155, -0.8335056512639194]
[57, 56, 22, 20, 21, 25, 43, 89, 24, 69, 88, 70, 16, 23, 45, 56, -0.18206564302560335, -0.008872778014175853]
[59, 59, 23, 31, 10, 16, 24, 28, 15, 30, 11, 25, 29, 33, 12, 14, 21, 18, 22, 32, -0.6116685522568567, -0.08016867989012288]
[58, 58, 24, 25, 21, 23, 16, 28, 22, 31, 33, 10, 20, 29, 43, 88, 14, 15, 30, 11, 32, 89, -0.7155350540215338, -0.7422656872117915]
[58, 57, 25, 21, 24, 22, 43, 16, 20, 23, 14, 28, 31, 33, 88, 89, 10, 15, 56, 69, -0.33910525474878583, -0.6689434342517773]
[59, 63, 26, 13, 27, 383, 381, 30, 11, 29, 382, 404, 12, 403, 8, 31, 35, 378, 10, 28, 34, 373, 379, 405, 408, 32, 33, 374, 376, -0.28698050077576853, -0.1330572746691142]
[58, 63, 27, 26, 381, 383, 13, 29, 35, 382, 30, 34, 373, 11, 32, 374, 28, 379, 31, 33, 79, 324, 376, 378, 404, 10, 12, 403, 405, -0.97573410652943, -0.48272256182387385]
[58, 60, 28, 29, 31, 33, 23, 30, 10, 24, 11, 32, 16, 34, 25, 27, 12, 15, 21, 26, 13, 35, 79, 88, -0.02387750026284774, -0.5812715066736727]
[58, 61, 29, 28, 30, 31, 33, 11, 27, 32, 10, 23, 26, 34, 13, 35, 12, 24, 381, 79, 383, 15, 16, 373, -0.42135327875112394, -0.9574329503182477]
[59, 61, 30, 11, 29, 31, 10, 28, 12, 23, 26, 13, 27, 33, 15, 32, 383, 16, 24, 34, 381, 8, 35, 404, -0.7926051066451348, -0.4576918286969629]
[59, 60, 31, 10, 23, 28, 30, 11, 29, 33, 12, 15, 16, 24, 26, 13, 25, 27, 32, 14, 18, 21, 34, -0.38208851742249217, -0.5569348885344843]
[56, 61, 32, 34, 33, 79, 29, 35, 28, 80, 27, 30, 81, 373, 31, 82, 88, 324, 23, 24, 26, 86, 381, -0.8245096952234732, -0.23591554783166702]
[57, 60, 33, 28, 29, 32, 31, 23, 24, 30, 34, 79, 88, 10, 21, 11, 25, 27, 35, 16, 26, 80, -0.4196308619984813, -0.09882081614635752]
[56, 62, 34, 32, 35, 79, 80, 373, 27, 29, 33, 324, 28, 381, 82, 374, 26, 30, 81, 31, 317, 323, 382, 383, -0.5906721458333302, -0.09234546908622587]
[56, 63, 35, 34, 373, 79, 324, 27, 32, 374, 80, 381, 29, 323, 382, 26, 33, 82, 317, 376, 383, 28, 30, 81, 316, 321, 379, -0.5221922864979823, -0.5666979336902791]
[56, 49, 36, 37, 78, 38, 41, 76, 112, 134, 40, 77, 42, 46, 73, 47, 74, 39, 44, 71, 113, 115, 130, -0.04614409892232274, -0.8056966932635885]
[57, 49, 37, 36, 38, 41, 42, 78, 134, 40, 39, 112, 47, 44, 46, 76, 130, 77, -0.9310499078106927, -0.07070610958373258]
[57, 48, 38, 37, 134, 36, 41, 42, 78, 112, 130, 40, 131, 132, 39, 76, 113, -0.8908426498397759, -0.12923289480093403]
[59, 51, 39, 40, 44, 53, 42, 45, 41, 47, 54, 37, 55, 46, 51, 56, 58, 36, 38, 52, 59, -0.5609332444406518, -0.6005921817734752]
[58, 51, 40, 39, 44, 47, 41, 37, 42, 45, 46, 53, 36, 54, 38, 55, 56, 78, -0.7571267581824234, -0.572222038596598]
[58, 49, 41, 37, 42, 38, 36, 40, 39, 134, 44, 78, 130, 47, 46, 53, 112, -0.5912410778782612, -0.8594194232892571]
[59, 49, 42, 41, 37, 39, 38, 40, 134, 36, 59, 44, 53, 58, 130, 47, 124, -0.2374465309421998, -0.42076551505315396]
[58, 55, 43, 22, 25, 20, 21, 45, 56, 54, 24, 44, 69, 47, 89, 14, 16, 46, 53, 55, -0.6639919831020846, -0.7123738141013074]
[58, 52, 44, 40, 47, 39, 45, 46, 53, 54, 56, 41, 43, 37, 42, 55, 36, -0.6693218835959546, -0.9537289355448917]
[59, 53, 45, 54, 44, 53, 56, 39, 55, 40, 43, 47, 52, 46, 49, 51, 22, 50, -0.2464894463637164, -0.0545946461322272]
[56, 52, 46, 47, 44, 71, 40, 77, 76, 36, 37, 39, 45, 69, 78, 41, 43, 70, 74, -0.5430190159973417, -0.8522790832683174]
[57, 52, 47, 44, 46, 40, 39, 45, 37, 53, 71, 36, 41, 43, 54, 77, 42, 56, 69, 76, 78, -0.12912338443524374, -0.44837478501115124]
[63, 54, 48, 49, 50, 52, 770, 773, 19, 51, 55, 772, 771, 56, 54, 765, 14, 53, 808, -0.8248564202093475, -0.07758581086547567]
[62, 54, 49, 48, 50, 52, 55, 19, 51, 56, 54, 770, 773, 53, 14, 45, 772, 765, 771, -0.5265234783503384, -0.9738427604372768]
[62, 55, 50, 19, 49, 48, 52, 773, 14, 55, 56, 54, 770, 18, 51, 772, 16, 45, 53, 808, 811, -0.15147351345329463, -0.02533850114020375]
[62, 52, 51, 52, 55, 49, 53, 58, 48, 54, 57, 765, 770, 56, 50, 59, 771, 39, 45, 60, 773, -0.030538340949019416, -0.17668738053262523]
[62, 53, 52, 49, 51, 55, 48, 50, 54, 770, 53, 56, 765, 773, 19, 45, 58, 57, 771, 39, 772, -0.8444615846166308, -0.9876788724636468]
[60, 52, 53, 54, 39, 45, 55, 44, 51, 56, 40, 52, 49, 58, 47, 42, 41, 43, 48, 50, 57, 59, -0.6643790185283441, -0.11481510243693993]
[60, 53, 54, 45, 53, 55, 56, 52, 39, 44, 49, 51, 40, 43, 50, 47, 48, 19, 58, -0.8896949120913915, -0.610149425731719]
[61, 53, 55, 52, 54, 49, 51, 53, 56, 45, 48, 50, 39, 770, 19, 44, 58, 40, 43, 57, 765, 773, -0.49920657191681206, -0.32052877225713194]
[60, 54, 56, 54, 45, 55, 49, 53, 43, 50, 52, 19, 44, 51, 48, 14, 39, 22, 25, 40, 47, -0.8222431391929853, -0.38610620586874045]
[63, 50, 57, 58, 60, 59, 765, 51, 771, 52, 124, 710, 767, 768, 770, 53, 55, -0.7684377058919998, -0.35213747781559723]
[62, 50, 58, 57, 59, 60, 51, 765, 53, 52, 124, 39, 42, 55, 54, 710, 770, 771, -0.7339900456765969, -0.6770530910768588]
[62, 49, 59, 58, 60, 57, 124, 710, 765, 42, 51, 123, 39, 53, -0.3026230849770959, -0.6316036014598359]
[63, 49, 60, 57, 59, 58, 124, 710, 765, 768, 51, 123, 767, 771, -0.2806209456627733, -0.6076515000510759]
[48, 48, 61, 63, 64, 169, 170, 62, -0.4400169163836961, -0.32196571390227824]
[50, 50, 62, 64, 63, 66, 75, 61, 67, 74, 169, 73, 68, -0.7857594646264792, -0.6834702400368879]
[50, 48, 63, 64, 61, 62, 75, 73, 115, 74, 169, -0.7380481020872037, -0.1591418498139573]
[50, 49, 64, 62, 63, 61, 75, 66, 73, 74, 169, 115, -0.2580908744868534, -0.28003140643966573]
[50, 54, 65, 67, 66, 98, 68, 72, 90, 99, 91, 100, 84, 85, 152, -0.8706656669777586, -0.02434475164316352]
[50, 52, 66, 67, 62, 65, 68, 75, 64, 72, 74, 169, -0.37283999136918544, -0.6848269857415664]
[50, 53, 67, 65, 66, 68, 72, 62, 98, 75, 90, -0.14761176838806211, -0.2428208630919244]
[48, 53, 68, 67, 65, 66, 90, 152, 169, 62, 98, 151, -0.5000624736988607, -0.2062857972037292]
[55, 55, 69, 70, 89, 20, 22, 85, 21, 43, 72, 88, 46, 71, 25, 47, 84, -0.1742107623653779, -0.6065139722920696]
[54, 55, 70, 69, 85, 89, 72, 20, 84, 71, 22, 88, 21, 46, 100, -0.20321097209110417, -0.11686687125748652]
[54, 52, 71, 77, 46, 76, 74, 75, 47, 70, 69, 73, 78, 36, 72, -0.8225782327979849, -0.021360606609677535]
[52, 55, 72, 85, 70, 84, 65, 98, 100, 67, 99, 69, 89, 97, 66, 71, 91, -0.724172509725917, -0.8403197649113953]
[53, 49, 73, 74, 75, 76, 78, 115, 77, 112, 36, 64, 62, 63, 71, 113, -0.7361733889470693, -0.7040060305019212]
[53, 50, 74, 73, 75, 76, 77, 71, 78, 62, 115, 36, 64, 46, 63, 66, 112, -0.6047408154916987, -0.6461893600125519]
[52, 50, 75, 74, 73, 62, 76, 64, 77, 63, 66, 71, 78, 115, 67, -0.786624736595681, -0.6342792936474466]
[54, 50, 76, 74, 77, 73, 78, 71, 75, 36, 46, 37, 112, 115, 38, 47, -0.7503515375306911, -0.06770960118587654]
[54, 51, 77, 71, 76, 74, 46, 73, 75, 78, 36, 47, 37, -0.6133554364775733, -0.31013788545708465]
[55, 49, 78, 36, 76, 37, 73, 112, 38, 74, 77, 115, 134, 41, 46, 71, 75, 113, 40, 47, -0.4358601026591329, -0.7345145069635536]
[55, 62, 79, 34, 80, 32, 35, 82, 324, 81, 373, 33, 317, 27, 29, 83, 323, 374, 28, 86, 316, 381, -0.3202286179495294, -0.664588856854085]
[54, 62, 80, 79, 82, 81, 34, 32, 35, 83, 317, 324, 373, 323, 86, 101, 316, 33, 87, 102, 315, 374, -0.7361501806880156, -0.26373214106850107]
[53, 61, 81, 82, 80, 86, 79, 83, 87, 102, 96, 101, 32, 317, 34, 35, 88, 97, 324, -0.09355509321225453, -0.860772329475681]
[53, 62, 82, 80, 81, 83, 79, 317, 101, 102, 324, 34, 86, 316, 32, 35, 87, 315, 323, 96, 291, 373, -0.48974817694798745, -0.28580916494287545]
[52, 63, 83, 101, 82, 317, 315, 80, 81, 291, 316, 323, 79, 102, 105, 289, 319, 324, 286, 321, -0.3288841223612329, -0.7997355940178871]
[52, 57, 84, 100, 85, 97, 72, 87, 99, 86, 96, 98, 70, 91, 88, 89, 93, 102, 65, 69, 92, -0.6576420824885342, -0.17946919462612743]
[53, 56, 85, 70, 72, 84, 89, 69, 100, 88, 97, 20, 86, 98, 87, 99, 65, 96, -0.5318970040220538, -0.9225278761464552]
[53, 59, 86, 87, 81, 96, 84, 88, 97, 102, 100, 82, 85, 80, 32, 79, 89, 99, -0.40469260751920944, -0.06435754961023044]
[52, 59, 87, 86, 96, 97, 102, 84, 81, 100, 99, 92, 82, 85, 88, 93, 104, 80, 91, 98, -0.3712146085718232, -0.4399742295976111]
[55, 58, 88, 89, 20, 21, 86, 22, 33, 85, 24, 69, 25, 32, 70, 84, 87, 28, 81, -0.284225743183791, -0.05066446197259711]
[55, 56, 89, 20, 69, 70, 22, 85, 88, 21, 25, 43, 72, 84, 24, 86, -0.8601858673540009, -0.08904508810871903]
[48, 56, 90, 152, 91, 94, 98, 151, 93, 99, 65, 68, 95, 92, 100, 67, 97, -0.539560814289156, -0.1248692504670621]
[49, 57, 91, 93, 99, 90, 94, 98, 92, 100, 95, 97, 152, 96, 84, 104, 65, 151, 72, 87, 102, -0.9396419063697158, -0.5232539319032353]
[49, 59, 92, 93, 95, 104, 94, 91, 96, 97, 99, 102, 103, 100, 147, 87, 105, 90, 98, 84, 146, 152, -0.8360126011804403, -0.7413784176989168]
[49, 58, 93, 91, 92, 94, 95, 99, 97, 104, 90, 96, 98, 100, 102, 152, 84, 87, 103, 147, 151, -0.5093025157416718, -0.031312993350996354]
[48, 58, 94, 93, 95, 91, 92, 90, 99, 104, 152, 98, 151, 97, 103, 96, 100, 147, 102, 146, -0.4052337354112676, -0.17970865500391076]
[48, 59, 95, 92, 94, 93, 104, 103, 91, 147, 99, 146, 90, 96, 97, 102, 105, 152, 98, 100, 151, -0.04397676613354484, -0.2297547852000561]
[51, 59, 96, 87, 97, 102, 86, 92, 100, 84, 93, 99, 104, 81, 91, 95, 94, 98, 82, 85, 103, 105, -0.45967392617197056, -0.9928040489225941]
[51, 58, 97, 96, 100, 84, 87, 99, 93, 102, 86, 91, 92, 98, 85, 104, 94, 72, 95, 81, 90, -0.0960088681261767, -0.31876082266468264]
[50, 56, 98, 99, 91, 100, 65, 90, 72, 84, 93, 97, 94, 67, 85, 152, 92, 96, 68, 87, 95, -0.2643448304252629, -0.7343282440086524]
[50, 57, 99, 91, 98, 100, 93, 97, 84, 90, 92, 94, 96, 72, 87, 95, 65, 85, 102, 104, 152, 86, -0.6633248863516936, -0.8746301675188889]
[51, 57, 100, 84, 97, 99, 98, 91, 96, 72, 85, 87, 93, 86, 92, 102, 65, 90, 94, 70, 95, 104, -0.8124457421209822, -0.9788236516920784]
[51, 63, 101, 83, 291, 82, 105, 315, 317, 81, 286, 316, 102, 289, 80, 103, 104, 287, 319, 323, -0.6879721379857091, -0.4439188000970158]
[51, 60, 102, 96, 87, 97, 104, 81, 86, 92, 82, 93, 105, 100, 101, 83, 84, 95, 99, 103, 80, 91, 94, -0.7535715697937867, -0.9816189506161777]
[48, 61, 103, 147, 104, 105, 95, 146, 92, 94, 93, 102, 228, 96, 101, 226, 291, -0.949194973964074, -0.21482480700591344]
[49, 60, 104, 92, 95, 103, 93, 102, 105, 94, 96, 147, 97, 91, 87, 99, 146, 100, 101, -0.45231153695618753, -0.10363087012640393]
[49, 62, 105, 103, 104, 101, 147, 291, 102, 228, 92, 286, 83, 95, 146, 96, 226, -0.5721812378989748, -0.7680982767225233]
[50, 34, 106, 111, 109, 145, -0.9183233906845213, -0.24799379685966405]
[49, 38, 107, 120, 119, 110, 144, 109, -0.8745244534532189, -0.5389372229139056]
[54, 37, 108, 135, 109, 110, 111, 118, 136, -0.6077178646092599, -0.7232306471932497]
[52, 36, 109, 111, 108, 106, 110, 107, -0.577872991244397, -0.9787217437275916]
[52, 39, 110, 116, 120, 108, 109, 107, 118, 119, -0.06924157391031338, -0.2728753382327255]
[52, 35, 111, 109, 106, 108, -0.8202318543182662, -0.5767962816475992]
[55, 47, 112, 113, 78, 115, 134, 36, 38, 132, 37, 73, 76, 130, 41, 74, 131, 133, -0.7905252825596236, -0.6768524064110191]
[54, 46, 113, 112, 115, 132, 114, 117, 73, 78, 134, 36, 38, 133, -0.7350886060926735, -0.7900314592233829]
[52, 44, 114, 121, 117, 113, 116, 122, 115, -0.7241053503915729, -0.6611351829896034]
[53, 47, 115, 113, 73, 112, 78, 74, 63, 75, 76, 114, 36, 64, 132, -0.8710215744364811, -0.22545511683382458]
[52, 41, 116, 110, 120, 117, 114, 119, 118, 121, -0.6788082111793367, -0.5856036116486093]
[54, 43, 117, 114, 116, 132, 113, 118, 133, -0.7407124039028065, -0.338879155218092]
[55, 40, 118, 136, 128, 108, 110, 116, 117, 129, 135, -0.6640198027438594, -0.002670010710251969]
[49, 41, 119, 120, 107, 116, 122, 121, 110, 144, -0.044415318165833884, -0.8156176231007242]
[50, 40, 120, 119, 107, 110, 116, -0.8410440961542253, -0.11605115572148361]
[50, 44, 121, 122, 114, 119, 116, -0.7684904295140133, -0.9831926645594905]
[49, 44, 122, 121, 114, 119, -0.48786343257027254, -0.6973258843623596]
[62, 46, 123, 124, 125, 708, 710, 707, 59, 60, 709, -0.959801629319462, -0.45222305872800206]
[62, 47, 124, 123, 59, 710, 60, 125, 708, 58, 57, 42, 707, 709, -0.46263036593015483, -0.4519924817610176]
[63, 45, 125, 708, 123, 707, 709, 124, 710, 706, -0.8890928574346948, -0.5366940735630783]
[61, 40, 126, 127, 138, 137, 128, 129, 703, -0.77123015935372, -0.3127266172500177]
[62, 41, 127, 126, 703, 138, 137, 707, -0.6542734438256436, -0.8456084017012857]
[58, 40, 128, 129, 136, 138, 118, 126, 135, -0.8549620291184239, -0.9922517119242289]
[58, 41, 129, 128, 138, 118, 126, 133, 136, -0.11898930671287844, -0.13727781215212642]
[58, 46, 130, 131, 134, 38, 132, 133, 41, 37, 42, 112, 36, -0.27563889227505756, -0.9325939306588595]
[58, 45, 131, 130, 133, 132, 134, 38, 112, -0.15507957633720415, -0.5831303415553563]
[56, 45, 132, 133, 131, 112, 113, 130, 134, 117, 38, 115, -0.6546578035530153, -0.3459653311783365]
[57, 44, 133, 131, 132, 130, 134, 117, 129, 112, 113, -0.2880099632429355, -0.3252531848636514]
[57, 47, 134, 38, 130, 37, 112, 36, 41, 131, 132, 42, 78, 133, 113, -0.3152272515872129, -0.20773912276707862]
[56, 37, 135, 136, 108, 118, 128, -0.26659082254585464, -0.5816735844579394]
[57, 38, 136, 135, 128, 118, 108, 129, 138, -0.4011508355887349, -0.7630075225343704]
[62, 38, 137, 126, 138, 689, 127, 703, -0.6163653118567572, -0.06339138076807482]
[60, 39, 138, 126, 128, 137, 127, 129, 136, -0.46086629202504537, -0.3071889815333013]
[34, 35, 139, 140, -0.27938139958062413, -0.41212211043505587]
[36, 32, 140, 139, -0.4691640908924988, -0.4222817243272651]
[33, 46, 141, -0.6707296149818227, -0.5350018264331329]
[45, 45, 142, -0.6753578573909912, -0.8927739637605598]
[40, 32, 143, -0.35780123944272635, -0.08031283143765011]
[46, 39, 144, 107, 119, -0.7694325007308803, -0.43099174432387855]
[47, 32, 145, 182, 106, -0.8869292104241947, -0.6619523496363822]
[46, 61, 146, 147, 103, 95, 150, 162, 226, 104, 105, 160, 228, 92, 94, 156, -0.9969741971592316, -0.9837930732889041]
[47, 61, 147, 103, 146, 95, 104, 105, 92, 228, 94, 226, 93, 150, -0.26825330404718284, -0.12130813907279314]
[44, 56, 148, 149, 159, 151, 157, 158, 150, 152, 153, 156, 155, -0.5503538400729786, -0.11439059298771626]
[44, 57, 149, 148, 157, 159, 150, 151, 156, 158, 153, 152, 155, 154, 161, -0.572080910945149, -0.5247331252213362]
[44, 59, 150, 156, 157, 149, 158, 161, 162, 146, 148, 154, 155, 159, 160, 147, 151, 153, -0.5085373386937272, -0.8778715283432689]
[46, 56, 151, 152, 90, 148, 149, 94, 159, 91, 68, 93, 95, 150, 157, -0.40512449658645466, -0.884192996895918]
[47, 56, 152, 90, 151, 91, 94, 93, 98, 148, 68, 95, 99, 149, 65, 92, -0.512899465065076, -0.8214967805228292]
[41, 57, 153, 155, 158, 154, 157, 159, 166, 156, 179, 149, 148, 161, 163, 150, 177, -0.9881096276664446, -0.6265391365929024]
[41, 59, 154, 155, 158, 161, 163, 153, 156, 179, 157, 177, 162, 150, 164, 149, 159, 160, 175, -0.8906170132802931, -0.7655943574868684]
[41, 58, 155, 153, 154, 158, 157, 156, 161, 163, 179, 159, 177, 149, 150, 166, 148, 162, -0.231603470141592, -0.530260519347993]
[43, 59, 156, 150, 157, 158, 161, 154, 162, 149, 155, 153, 159, 160, 148, 163, 146, 164, -0.9334164193458306, -0.46300492248470104]
[43, 58, 157, 156, 158, 149, 150, 155, 159, 148, 153, 154, 161, 162, 151, 163, -0.6602002913573388, -0.21198012485053008]
[42, 58, 158, 155, 157, 153, 154, 156, 161, 149, 150, 159, 148, 163, 162, 179, 166, 177, -0.2385743615581868, -0.9332398265248939]
[43, 56, 159, 148, 149, 157, 153, 158, 155, 151, 156, 150, 166, 154, -0.8912981987327091, -0.863446595754317]
[43, 62, 160, 162, 164, 214, 161, 156, 146, 150, 154, 163, 212, 223, 226, -0.5456286873349425, -0.593169879676425]
[42, 60, 161, 154, 156, 162, 158, 163, 150, 155, 157, 160, 164, 177, 153, 179, 149, 175, -0.15837167961181842, -0.5205424460767791]
[43, 61, 162, 160, 161, 156, 150, 164, 154, 146, 157, 214, 158, 163, 155, -0.44103881373170783, -0.8592969137232188]
[40, 60, 163, 177, 154, 179, 161, 155, 164, 175, 158, 153, 156, 162, 157, 160, 176, 178, -0.9265323480740079, -0.054143300919423876]
[41, 62, 164, 160, 175, 161, 162, 163, 177, 194, 214, 154, 212, 176, 156, 179, -0.9611533456174055, -0.3049843476562535]
[43, 49, 165, 167, 168, 170, -0.7143793225529754, -0.5063023450426465]
[40, 55, 166, 153, 155, 159, 158, 172, -0.5274819330591533, -0.1161478030985088]
[44, 49, 167, 165, 168, 170, 169, -0.2227009317016181, -0.709250648342735]
[44, 50, 168, 167, 165, 170, 169, -0.2504334127344837, -0.8142987981891573]
[47, 50, 169, 170, 61, 62, 168, 64, 68, 167, 63, 66, -0.4462911525380149, -0.3306029662562292]
[46, 49, 170, 169, 167, 61, 168, 165, -0.36032854484402366, -0.507778136426867]
[32, 54, 171, -0.06304865350330902, -0.864454417526473]
[38, 52, 172, 174, 166, -0.09384330591018208, -0.6893354935422172]
[37, 48, 173, 174, -0.24772518982550196, -0.30188269473433627]
[37, 51, 174, 172, 173, -0.581917212373567, -0.0033197337622354883]
[39, 62, 175, 176, 164, 177, 178, 194, 163, 179, 154, 161, 212, -0.3075983476943738, -0.6293310686173811]
[38, 63, 176, 175, 178, 194, 193, 164, 177, 163, 212, 213, -0.25071129230240796, -0.7339196525365294]
[39, 60, 177, 163, 179, 175, 154, 155, 164, 178, 161, 176, 153, 158, -0.4212264979561906, -0.8386677030146577]
[37, 62, 178, 176, 175, 177, 194, 163, 179, -0.36268559881249773, -0.5324462959943654]
[39, 59, 179, 177, 163, 154, 155, 153, 175, 158, 161, 164, 178, -0.9241375537360275, -0.5057500733853914]
[32, 59, 180, 1, -0.229926442219762, -0.7915734646825702]
[32, 63, 181, -0.8225680876753153, -0.445863955710042]
[46, 31, 182, 145, -0.5739614728702026, -0.10848851426353057]
[46, 24, 183, -0.4859987317166766, -0.281387740877993]
[60, 28, 184, -0.3298951561931519, -0.09992750054831967]
[52, 24, 185, -0.1524117726734332, -0.6337489793554236]
[58, 98, 186, -0.19372199692631142, -0.5546695953053493]
[63, 99, 187, -0.5792934530891807, -0.03692780210562174]
[41, 103, 188, -0.8102701689432578, -0.37519193027499076]
[46, 99, 189, -0.9119257414493152, -0.4833985593943161]
[34, 68, 190, 191, 192, -0.5000932740334912, -0.34296442053518483]
[33, 69, 191, 190, 413, -0.1386769287729075, -0.8382339271652207]
[37, 67, 192, 193, 190, 213, 194, 217, -0.4548839386108863, -0.4709535164642491]
[38, 66, 193, 192, 213, 194, 176, 212, 217, -0.34463929554337636, -0.20515545355475495]
[39, 64, 194, 176, 175, 193, 212, 213, 164, 178, 192, -0.38497314914027037, -0.9439444647437418]
[37, 76, 195, 196, 198, 197, 206, -0.26036558164854595, -0.1899552712613516]
[37, 74, 196, 195, 198, 206, -0.9977512076406392, -0.14775636238859302]
[35, 79, 197, 198, 195, -0.7543176646644388, -0.07208622879892534]
[35, 76, 198, 195, 196, 197, -0.2161174916019435, -0.35285983860831494]
[47, 79, 199, 243, 269, 342, 200, 244, 343, -0.6268763650516465, -0.9234427044009154]
[46, 76, 200, 202, 201, 343, 199, 203, 207, 342, -0.8053882422804894, -0.371539501962033]
[45, 74, 201, 200, 202, 203, 207, 204, 208, 220, 218, -0.3507894634338916, -0.4595724824432419]
[47, 75, 202, 200, 203, 201, 343, 335, 342, 204, 336, 338, -0.2913685687226433, -0.6313312337030509]
[47, 73, 203, 204, 202, 218, 335, 201, 301, 336, 220, 338, 200, 219, 221, 300, 343, -0.11360528412737125, -0.9704176605656761]
[47, 72, 204, 203, 218, 301, 336, 219, 220, 335, 201, 221, 300, 202, 297, 338, 222, 293, 298, -0.025757371164884635, -0.8862704583701136]
[41, 72, 205, 208, 206, 217, 207, 216, 222, -0.11745409714418964, -0.7437341045412594]
[40, 74, 206, 205, 196, 207, 195, 208, -0.523134301732773, -0.08068931126657708]
[43, 75, 207, 201, 208, 200, 206, 205, 211, -0.7724733933472315, -0.11145162975348288]
[43, 72, 208, 205, 220, 222, 201, 221, 207, 216, 206, 219, -0.44004018717532645, -0.8988034934449358]
[43, 79, 209, 238, 210, 211, 234, 243, 237, 236, 244, -0.026341528694524996, -0.1901375726241541]
[41, 79, 210, 211, 234, 238, 209, 236, 237, -0.10056588623797014, -0.13901406701848062]
[41, 78, 211, 210, 234, 209, 238, 207, -0.18080714508799922, -0.8735297880575482]
[41, 65, 212, 213, 194, 214, 164, 193, 215, 225, 160, 175, 176, -0.07609386919233307, -0.33805907234606447]
[40, 66, 213, 212, 193, 194, 215, 217, 192, 176, 214, -0.053822697530949926, -0.6465975133396705]
[43, 64, 214, 160, 212, 223, 225, 164, 162, 226, 227, 213, 224, -0.4834928662983453, -0.5313578977145191]
[42, 68, 215, 216, 217, 213, 222, 225, 212, 224, 221, -0.13285116785431272, -0.9332576971652302]
[43, 69, 216, 215, 222, 221, 220, 224, 208, 217, 219, 225, 205, -0.27107278846135596, -0.5635615682827922]
[40, 69, 217, 215, 213, 216, 205, 192, 193, -0.6634546211809981, -0.7811784464694268]
[47, 71, 218, 204, 301, 219, 203, 220, 221, 297, 300, 336, 298, 335, 222, 293, 201, 295, 299, 338, -0.3590194349102004, -0.30484146945310986]
[46, 70, 219, 221, 218, 220, 222, 204, 297, 301, 300, 203, 216, 224, 298, 208, 288, 299, 336, -0.8918280242312995, -0.8028496362324107]
[45, 71, 220, 221, 219, 222, 218, 204, 208, 203, 216, 201, 301, 297, -0.4107699732392819, -0.6952032452277075]
[45, 70, 221, 219, 220, 222, 216, 218, 204, 208, 224, 297, 301, 203, 215, -0.2830204720721732, -0.15618117114348318]
[44, 70, 222, 221, 216, 220, 219, 208, 215, 218, 224, 204, 205, -0.6406607193765768, -0.59533559638641]
[45, 65, 223, 227, 225, 226, 224, 214, 228, 160, 288, -0.2593213416170792, -0.20589504788506674]
[45, 67, 224, 225, 223, 227, 216, 221, 288, 215, 219, 222, 226, 214, 228, 297, -0.20419944055059847, -0.4574947487459481]
[44, 66, 225, 223, 224, 214, 227, 215, 226, 212, 216, 228, -0.2753998225891404, -0.14317915808323511]
[46, 64, 226, 227, 228, 223, 225, 146, 214, 147, 224, 286, 103, 105, 160, 287, 288, -0.527412385214424, -0.28526295079011443]
[46, 65, 227, 223, 226, 228, 224, 225, 288, 286, 214, 287, -0.14772029464237324, -0.09707465469436471]
[47, 64, 228, 226, 227, 223, 286, 105, 287, 147, 291, 103, 146, 288, 224, 225, -0.029970053339853808, -0.1452127812800621]
[46, 92, 229, 230, -0.03755993829127535, -0.5535646005577369]
[47, 92, 230, 229, -0.12866098007385063, -0.3018901511604817]
[42, 88, 231, 232, -0.22635717712302195, -0.7311390052646806]
[42, 89, 232, 231, -0.2946309558396115, -0.06927246364462392]
[41, 95, 233, -0.41659994279771007, -0.24934817643302265]
[41, 80, 234, 210, 238, 211, 236, 209, 237, 235, -0.3896585869303175, -0.07919412280097804]
[41, 83, 235, 236, 237, 239, 234, 238, -0.2579707595083961, -0.9092224931979532]
[41, 82, 236, 235, 234, 237, 238, 239, 210, 209, -0.001777451417946052, -0.21776782214222534]
[43, 82, 237, 236, 239, 244, 235, 238, 243, 234, 209, 210, 241, -0.8566443699517848, -0.7938650045124741]
[42, 80, 238, 234, 209, 210, 211, 236, 237, 235, 243, 244, -0.1117622689147667, -0.5324716805385918]
[43, 84, 239, 237, 235, 236, 244, 241, 243, -0.20287833419561585, -0.44784442948954906]
[47, 86, 240, 242, 273, 241, 272, -0.5237001383529885, -0.3953729804011151]
[46, 84, 241, 242, 240, 244, 239, 243, 237, 273, -0.5425702554995838, -0.33346355075837675]
[47, 85, 242, 240, 241, 273, 272, 244, -0.18166955484816438, -0.27326248548942766]
[45, 81, 243, 244, 237, 199, 209, 238, 241, 239, -0.9825695560827902, -0.1518023315101038]
[45, 82, 244, 243, 237, 241, 239, 199, 209, 238, 242, -0.3921180869073546, -0.5783158411861904]
[32, 82, 245, -0.7294961488007353, -0.7276433990262482]
[63, 95, 246, 586, 583, 584, 585, -0.011173623134481891, -0.9347388801998574]
[60, 88, 247, 253, 252, 248, 250, 258, 251, -0.26899134917073597, -0.5451463511030644]
[63, 88, 248, 578, 579, 247, 260, 580, 558, -0.0524963801134648, -0.3913996760844949]
[56, 88, 249, 250, 252, 253, 283, 251, 274, -0.015576192606939654, -0.9115038237178126]
[57, 89, 250, 249, 252, 253, 251, 247, -0.300323286472595, -0.30061611806465705]
[58, 91, 251, 250, 253, 252, 254, 247, 249, -0.6363108414023282, -0.5900618318933438]
[58, 88, 252, 250, 253, 247, 249, 251, 258, -0.9321717465991521, -0.6577783973862996]
[59, 89, 253, 247, 252, 250, 251, 249, -0.7566601582534451, -0.944682110405806]
[59, 94, 254, 251, -0.688111767969739, -0.5717679513513152]
[56, 81, 255, 281, 256, 257, 280, 372, 279, 369, 278, 325, 365, 259, 276, 371, 370, 277, 363, -0.9891640123293252, -0.6261749196501998]
[56, 83, 256, 259, 255, 278, 281, 257, 274, 280, 277, 258, 276, 279, -0.20583652694562127, -0.8855745836638177]
[58, 81, 257, 255, 365, 363, 369, 256, 372, 262, 281, 263, 265, 364, 370, 259, 264, 371, -0.08161155759615757, -2.3450681680414753e-05]
[59, 85, 258, 261, 264, 247, 252, 259, 256, 265, 266, -0.8829262215577374, -0.41504878914085064]
[56, 84, 259, 256, 274, 278, 255, 258, 277, 281, 257, 280, -0.42982358820120714, -0.422284880164559]
[63, 85, 260, 261, 266, 264, 248, 557, 558, 265, -0.9840480421034018, -0.9020572761324773]
[61, 84, 261, 264, 266, 265, 258, 260, 262, 267, 557, -0.15557891667002155, -0.3508237528758059]
[61, 81, 262, 263, 265, 264, 267, 266, 268, 363, 257, 261, 556, 345, 555, 557, 344, 364, 365, -0.9048648245693607, -0.7016709868386704]
[61, 80, 263, 262, 265, 268, 267, 345, 363, 344, 364, 264, 555, 257, 266, 365, 556, 557, -0.7605613793022011, -0.8105861825788192]
[61, 83, 264, 261, 265, 266, 262, 258, 260, 267, 263, 557, 257, 268, 556, -0.6233250567319384, -0.8675532050186295]
[61, 82, 265, 262, 264, 266, 261, 263, 267, 268, 557, 257, 556, 258, 260, 363, 555, -0.9214501102990355, -0.8351704182918746]
[62, 83, 266, 264, 261, 265, 260, 262, 267, 557, 556, 263, 268, 258, 555, -0.008816589879546144, -0.024496633140053903]
[63, 81, 267, 268, 556, 555, 557, 262, 263, 265, 266, 264, 344, 345, 261, 478, -0.8334114673748106, -0.32315731792880154]
[63, 80, 268, 267, 555, 556, 263, 344, 262, 345, 557, 265, 266, 478, 480, 264, 477, -0.8571328328167047, -0.2554749306583688]
[49, 81, 269, 271, 270, 199, 275, 340, -0.5294052597410913, -0.2770490840253709]
[51, 82, 270, 271, 269, 275, 276, 277, 272, 278, 280, 279, -0.4609812932103756, -0.5465520140235886]
[50, 82, 271, 270, 269, 275, 272, 276, 277, -0.8761010646199774, -0.36030410909059407]
[50, 85, 272, 273, 242, 271, 240, 270, 277, -0.2414763246003202, -0.08609247461670433]
[49, 86, 273, 272, 240, 242, 241, -0.492452408502279, -0.18309245955720865]
[54, 85, 274, 278, 259, 277, 256, 249, -0.5334700945468914, -0.026365101806104296]
[52, 80, 275, 276, 279, 330, 270, 280, 325, 329, 340, 271, 269, 277, 281, 327, 341, 278, -0.1444659416710804, -0.3638080010979421]
[53, 81, 276, 280, 275, 279, 277, 281, 270, 278, 325, 255, 329, 271, 330, 256, 340, 372, -0.13893103034826415, -0.1418523264434427]
[53, 83, 277, 278, 276, 270, 274, 280, 281, 256, 259, 271, 275, 279, 255, 272, -0.15008461597152023, -0.43655173684853066]
[54, 83, 278, 277, 256, 274, 280, 259, 276, 281, 255, 279, 270, 275, -0.8714128219179821, -0.8927673728680094]
[54, 80, 279, 280, 325, 276, 281, 275, 255, 329, 372, 330, 371, 278, 277, 326, 327, 369, 256, 270, 340, 367, 370, -0.12123213493727902, -0.972268532603107]
[54, 81, 280, 276, 279, 281, 255, 278, 325, 275, 277, 256, 372, 270, 329, 259, 330, 369, 371, -0.6393912719981681, -0.7398755378298213]
[55, 81, 281, 255, 280, 279, 276, 256, 278, 325, 372, 277, 369, 257, 259, 275, 371, 329, 365, 370, -0.4738105425892414, -0.8415379738822367]
[52, 94, 282, 285, -0.361150919540011, -0.04328068743495039]
[53, 89, 283, 284, 249, -0.046171886566772735, -0.7699571253697908]
[52, 90, 284, 283, -0.22188169679803504, -0.34339141301952647]
[50, 95, 285, 282, -0.5713823388147797, -0.8707884394862689]
[49, 65, 286, 287, 291, 228, 288, 289, 290, 101, 105, 227, 299, 315, 226, 294, 83, 296, -0.4432693727715695, -0.6204294688035868]
[49, 66, 287, 286, 288, 290, 289, 299, 291, 294, 228, 296, 298, 227, 295, 297, 315, 101, 226, 307, -0.45708602844597723, -0.6588806882177055]
[48, 67, 288, 287, 299, 290, 297, 286, 294, 298, 227, 295, 224, 228, 289, 296, 300, 219, 223, 226, 291, 293, -0.9271953404807818, -0.32146867888501474]
[51, 66, 289, 290, 315, 287, 296, 319, 286, 291, 294, 307, 316, 318, 299, 310, 317, 101, 321, 83, 288, 295, 308, 322, 323, 298, 305, 309, -0.7474819869730431, -0.9775433222062347]
[50, 67, 290, 294, 287, 289, 296, 299, 288, 295, 286, 298, 307, 297, 308, 315, 291, 293, 318, 300, 310, 319, 309, 313, 316, -0.4997099799593293, -0.4916425344126635]
[50, 64, 291, 101, 286, 83, 105, 287, 289, 315, 228, 290, 317, 316, 82, 103, 288, 319, -0.6837800831088577, -0.49961652178389226]
[51, 71, 292, 314, 339, 293, 313, 311, 295, 300, 308, 312, 336, 338, 298, 309, 335, 296, 301, 304, 337, 294, 303, 307, 334, 297, 299, 310, 331, -0.10929263503966369, -0.18406825327739762]
[50, 70, 293, 295, 300, 292, 298, 294, 313, 296, 297, 299, 301, 308, 314, 336, 339, 307, 290, 312, 338, 218, 309, 311, 335, 204, 288, 310, -0.806636478803678, -0.027361818630492918]
[50, 68, 294, 290, 295, 296, 299, 298, 293, 307, 287, 288, 289, 297, 300, 308, 313, 310, 286, 292, 309, 318, 301, 312, 314, 315, 319, -0.27335585295970544, -0.979093495684898]
[50, 69, 295, 293, 294, 298, 296, 299, 300, 290, 297, 308, 292, 307, 313, 288, 301, 314, 309, 287, 289, 310, 312, 336, 339, 218, 311, 318, -0.3964518564276649, -0.9554857450989346]
[51, 68, 296, 294, 307, 290, 295, 308, 289, 299, 310, 293, 298, 309, 313, 318, 287, 300, 312, 319, 292, 305, 288, 297, 314, 315, 322, 286, 303, 311, 316, 321, -0.7778469558384672, -0.7836561904616978]
[48, 69, 297, 298, 299, 300, 288, 295, 301, 218, 219, 293, 294, 290, 204, 221, 287, 296, 336, 220, 224, 292, -0.5942190884055071, -0.9176601682601638]
[49, 69, 298, 295, 297, 299, 300, 293, 294, 288, 290, 296, 301, 218, 292, 287, 308, 336, 219, 307, 313, 204, 289, 314, 339, -0.49679714206532666, -0.04891294339589203]
[49, 68, 299, 294, 298, 288, 290, 295, 297, 287, 296, 300, 293, 289, 286, 307, 301, 308, 218, 219, 292, 313, -0.2858264519542144, -0.8804266493762425]
[49, 70, 300, 293, 298, 295, 297, 301, 299, 336, 218, 292, 294, 204, 296, 339, 219, 313, 335, 288, 290, 308, 314, 338, 203, 307, -0.03293548629857168, -0.9456382687296782]
[48, 71, 301, 218, 204, 300, 336, 297, 203, 219, 293, 298, 335, 295, 338, 220, 292, 221, 299, 339, 294, -0.9323732717525889, -0.13259589048601306]
[55, 70, 302, 303, 306, 304, 390, 393, 312, 305, 309, 311, 334, 354, 391, 310, 357, 392, 313, 320, 386, 308, 314, 322, 355, 377, 387, 307, 318, 356, 360, 375, 388, -0.8465085286080433, -0.865627741483277]
[54, 70, 303, 302, 304, 312, 306, 309, 311, 305, 313, 334, 308, 310, 314, 390, 393, 307, 354, 322, 292, 318, 320, 391, 296, 339, 355, 357, 377, 392, -0.4561116192593633, -0.5304524416663253]
[54, 71, 304, 303, 311, 334, 302, 312, 314, 393, 306, 309, 313, 354, 308, 355, 390, 292, 305, 310, 331, 339, 357, 307, 356, 391, -0.23231011458844464, -0.017605910427281213]
[54, 68, 305, 310, 322, 306, 309, 318, 320, 303, 307, 321, 302, 308, 312, 319, 377, 390, 313, 296, 304, 323, 392, 311, 316, 375, 391, 289, 314, 315, 374, 376, 393, -0.22639386882386103, -0.1714127545940175]
[55, 69, 306, 302, 390, 303, 305, 309, 320, 391, 304, 310, 312, 322, 377, 392, 393, 311, 318, 375, 308, 307, 313, 321, 334, 354, 386, 388, 314, 319, 357, 376, 380, 387, -0.14879385331307704, -0.581749223640726]
[52, 68, 307, 296, 308, 310, 309, 318, 294, 305, 313, 289, 290, 295, 312, 319, 322, 293, 303, 321, 299, 314, 315, 292, 298, 306, 311, 316, 320, 287, 300, 302, 304, 323, -0.8849137913743965, -0.2983517412547553]
[52, 69, 308, 307, 309, 313, 296, 310, 312, 295, 314, 292, 293, 294, 303, 305, 311, 318, 290, 304, 322, 298, 306, 289, 299, 300, 302, 319, 339, 320, 321, 334, -0.9683095147425237, -0.07643703232463905]
[53, 69, 309, 308, 310, 312, 303, 305, 307, 313, 306, 311, 318, 296, 302, 304, 314, 322, 292, 320, 295, 319, 390, 293, 294, 321, 334, 289, 290, 339, 377, 393, -0.7812712994629608, -0.35556044562450184]
[53, 68, 310, 305, 307, 309, 318, 308, 322, 296, 312, 319, 303, 306, 313, 320, 321, 289, 302, 294, 311, 316, 290, 295, 304, 314, 315, 323, 377, 390, 292, 293, -0.8084202728589203, -0.4366982830220447]
[53, 71, 311, 304, 312, 314, 303, 313, 334, 292, 309, 302, 308, 339, 306, 310, 331, 393, 293, 305, 307, 354, 295, 296, 337, 338, 355, 390, -0.8203142060345984, -0.3330066195949968]
[53, 70, 312, 303, 309, 311, 313, 304, 308, 314, 302, 310, 292, 305, 306, 307, 334, 296, 339, 293, 318, 295, 322, 390, 393, 294, 320, 354, -0.6633979361242499, -0.7379048196154463]
[52, 70, 313, 308, 312, 314, 292, 309, 311, 293, 303, 307, 295, 296, 304, 310, 339, 294, 305, 334, 300, 302, 298, 306, 318, 290, 299, 322, 336, 338, -0.022808514314709205, -0.947091910154112]
[52, 71, 314, 292, 311, 313, 312, 339, 304, 308, 293, 303, 309, 334, 295, 338, 307, 296, 300, 302, 310, 331, 336, 337, 294, 298, 305, 306, 335, -0.50023861750359, -0.38246102482148203]
[52, 65, 315, 316, 289, 317, 319, 83, 323, 101, 291, 318, 321, 290, 322, 286, 307, 82, 287, 296, 310, 324, 80, 294, 305, 320, -0.22422455652796425, -0.6803321473891172]
[53, 65, 316, 315, 317, 319, 323, 321, 318, 83, 289, 322, 324, 101, 320, 82, 310, 374, 80, 291, 305, 307, 373, 35, 79, 290, 296, 377, -0.11109879997592564, -0.520681748633184]
[53, 64, 317, 316, 83, 315, 323, 82, 319, 324, 80, 101, 321, 79, 289, 81, 291, 318, 373, 35, 322, 374, 34, 320, -0.8089615319639474, -0.782842770299959]
[53, 67, 318, 310, 319, 322, 305, 307, 321, 309, 316, 320, 289, 296, 308, 315, 323, 306, 290, 312, 317, 377, 294, 303, 313, 295, 302, 324, 374, 390, -0.18206506105601905, -0.23571760149062637]
[53, 66, 319, 316, 318, 321, 315, 322, 323, 289, 310, 317, 305, 307, 320, 296, 324, 309, 83, 290, 308, 374, 377, 101, 291, 294, 306, 373, -0.8507340465632007, -0.8954458564417352]
[55, 67, 320, 322, 377, 305, 321, 306, 318, 375, 310, 319, 323, 374, 376, 390, 392, 309, 316, 391, 302, 324, 380, 303, 307, 373, 379, 388, 308, 312, 315, 317, 382, -0.7072567712157886, -0.43950391510324194]
[54, 66, 321, 319, 322, 323, 316, 318, 320, 305, 310, 315, 317, 324, 374, 377, 307, 373, 289, 376, 306, 309, 375, 35, 83, 296, 308, 390, 392, -0.961217583264565, -0.03210143118725273]
[54, 67, 322, 305, 318, 320, 321, 310, 319, 323, 377, 306, 307, 309, 316, 308, 315, 374, 390, 303, 375, 289, 296, 302, 312, 317, 324, 376, 392, 313, 373, 391, -0.15436972287285256, -0.31836598347136413]
[54, 65, 323, 316, 321, 317, 319, 324, 315, 322, 374, 318, 320, 373, 35, 83, 377, 80, 305, 79, 82, 289, 310, 376, 34, 101, 307, 375, -0.3103642356149727, -0.5440834405757015]
[55, 64, 324, 373, 35, 323, 374, 79, 317, 34, 80, 316, 321, 82, 319, 376, 320, 381, 27, 32, 83, 315, 322, 377, 382, 81, 318, 375, 379, -0.9512367352960654, -0.12761584320552066]
[54, 79, 325, 279, 329, 280, 372, 275, 276, 281, 326, 327, 330, 371, 255, 367, 369, 328, 340, 370, 341, -0.045585347133947685, -0.09923260343861307]
[55, 77, 326, 367, 371, 327, 332, 325, 328, 329, 333, 368, 370, 372, 369, 279, 330, 366, 331, 358, 359, 365, -0.7059277199791754, -0.8363236430020788]
[53, 77, 327, 328, 329, 330, 326, 341, 325, 333, 340, 332, 331, 367, 275, 279, 371, 337, 372, -0.41346424632976664, -0.9975537246822956]
[53, 76, 328, 327, 333, 329, 331, 326, 330, 332, 341, 337, 340, 325, 367, 371, -0.1751966103782029, -0.6832116304839153]
[53, 78, 329, 327, 330, 325, 328, 340, 275, 279, 326, 341, 276, 371, 280, 333, 367, 372, 281, 332, -0.03849395288490165, -0.09336671745253466]
[52, 78, 330, 329, 340, 327, 341, 275, 325, 328, 279, 276, 326, 342, 280, 333, 343, -0.8869056161055806, -0.8102654102903237]
[53, 74, 331, 333, 328, 337, 332, 334, 339, 311, 327, 304, 314, 338, 355, 292, 326, 341, 354, -0.6088389675016372, -0.43729458049942804]
[55, 75, 332, 333, 326, 328, 331, 355, 358, 367, 368, 327, 356, 359, 334, 354, 366, 371, 329, 357, 361, 370, -0.8044690161859243, -0.9777583237286148]
[54, 75, 333, 332, 328, 331, 326, 327, 355, 367, 334, 329, 337, 358, 368, 330, 341, 354, 356, 371, -0.1851849149541127, -0.3310968705635309]
[54, 72, 334, 304, 311, 303, 354, 302, 312, 314, 331, 355, 393, 313, 333, 339, 357, 292, 306, 309, 332, 356, 308, 337, 358, 390, -0.7232372760204241, -0.6127841209850856]
[49, 73, 335, 336, 338, 203, 204, 301, 337, 339, 202, 218, 292, 300, 343, 293, 314, -0.6124251383977473, -0.6897206740031439]
[49, 72, 336, 335, 301, 338, 204, 300, 339, 203, 218, 292, 293, 337, 298, 295, 297, 314, 202, 219, 313, -0.9659690343478076, -0.847926283523858]
[51, 74, 337, 338, 331, 339, 335, 328, 336, 343, 292, 341, 314, 333, 311, 327, 334, 342, -0.6190087915145889, -0.9789416268655847]
[50, 73, 338, 335, 336, 337, 339, 292, 301, 314, 203, 293, 204, 300, 331, 343, 202, 218, 311, 313, -0.35284283694688, -0.676923316013326]
[51, 72, 339, 292, 314, 338, 336, 337, 293, 311, 313, 335, 300, 312, 331, 334, 295, 301, 304, 308, 298, 303, 309, -0.6123580806587403, -0.3355392170477106]
[51, 78, 340, 330, 341, 329, 275, 327, 342, 328, 343, 325, 269, 276, 279, -0.39045190799503093, -0.8105467173717151]
[51, 77, 341, 340, 330, 327, 342, 328, 329, 343, 337, 275, 325, 331, 333, -0.6555799247985733, -0.31195490313988783]
[49, 77, 342, 343, 341, 340, 199, 202, 200, 330, 337, -0.14102783197750424, -0.7785730933001438]
[49, 76, 343, 342, 202, 341, 337, 340, 200, 335, 338, 199, 203, 330, -0.4261631969570717, -0.1814446424833399]
[63, 78, 344, 345, 480, 268, 347, 346, 555, 263, 481, 267, 477, 351, 478, 556, 262, -0.18242334655498982, -0.31173957485841663]
[62, 78, 345, 344, 346, 263, 268, 347, 480, 555, 351, 364, 262, 267, 363, 350, 481, 556, -0.6921421726667639, -0.3133494114199521]
[62, 76, 346, 347, 351, 345, 344, 350, 480, 471, 481, 348, 364, 469, 470, -0.3062654249731126, -0.365377083258846]
[63, 76, 347, 346, 351, 480, 344, 481, 345, 471, 470, 350, 469, 348, 474, 477, -0.37717173083596944, -0.9600656222655912]
[61, 73, 348, 349, 352, 350, 351, 353, 362, 396, 384, 394, 361, 401, 469, 346, 360, 402, 471, 347, 359, 385, 387, 395, 438, -0.27739721931979655, -0.26783452650456707]
[61, 72, 349, 348, 352, 396, 353, 362, 401, 384, 394, 402, 385, 395, 360, 399, 350, 351, 361, 387, 398, 438, 469, 386, 471, -0.9377736840181894, -0.4386924419104893]
[60, 75, 350, 351, 359, 346, 348, 366, 361, 347, 349, 358, 362, 364, 368, 345, 352, 356, 360, -0.8650147697632051, -0.7122929363163732]
[62, 75, 351, 346, 347, 350, 348, 471, 469, 480, 345, 352, 344, 349, 353, 470, 481, -0.48965088603762486, -0.7259461082788572]
[62, 72, 352, 349, 353, 396, 348, 394, 395, 401, 438, 469, 402, 471, 351, 362, 384, 399, 350, 385, 398, 434, 437, 470, -0.5123072620260247, -0.6063097513345245]
[63, 72, 353, 352, 394, 396, 438, 469, 349, 395, 348, 471, 401, 437, 470, 475, 351, 434, 399, 402, 430, 435, 474, -0.21005732522625709, -0.3474241546633561]
[56, 72, 354, 355, 357, 393, 356, 334, 360, 302, 304, 358, 361, 387, 303, 386, 362, 390, 306, 311, 332, 384, 391, 312, 331, 333, 359, 385, -0.8446011975200753, -0.6954940638812235]
[56, 73, 355, 354, 356, 357, 358, 361, 393, 332, 334, 360, 304, 333, 359, 387, 302, 331, 362, 368, 303, 311, 366, 384, 386, -0.6270401624842457, -0.9538215555684776]
[57, 73, 356, 355, 357, 358, 361, 354, 360, 359, 362, 387, 393, 332, 384, 368, 334, 366, 386, 302, 304, 333, 350, 385, -0.7244807466634607, -0.9285983386763378]
[57, 72, 357, 354, 356, 360, 355, 361, 387, 393, 358, 362, 384, 386, 302, 385, 334, 391, 304, 359, 390, 303, 306, 332, 402, -0.6423764900989213, -0.38098605146194353]
[57, 74, 358, 356, 355, 359, 361, 357, 368, 332, 354, 360, 366, 362, 333, 350, 367, 387, 393, 326, 334, 384, -0.8735028031459885, -0.2505643831210591]
[58, 75, 359, 366, 358, 368, 350, 361, 356, 355, 367, 332, 360, 357, 362, 364, 370, 326, 348, 354, 371, -0.31312290933550113, -0.917066284385877]
[58, 72, 360, 357, 361, 362, 387, 356, 384, 354, 386, 355, 358, 385, 393, 402, 349, 359, 348, 391, 302, 350, 390, 398, 401, -0.5581274449874815, -0.7427050528189465]
[58, 73, 361, 356, 360, 357, 358, 362, 355, 359, 387, 354, 384, 350, 393, 348, 366, 386, 349, 368, 385, 332, 402, -0.5899888679920974, -0.46851787805874767]
[59, 72, 362, 360, 384, 361, 387, 349, 357, 385, 348, 356, 386, 402, 358, 401, 352, 354, 350, 355, 359, 393, 396, 398, 391, 399, -0.9776056129022844, -0.14434882257747872]
[59, 79, 363, 364, 365, 369, 257, 263, 370, 262, 372, 345, 366, 371, 255, 265, 367, 368, -0.1699627099205857, -0.5601450385297527]
[59, 78, 364, 363, 365, 370, 366, 369, 263, 368, 345, 371, 257, 350, 359, 367, 372, 262, 346, -0.20975902911487387, -0.5759343533842577]
[58, 79, 365, 363, 369, 364, 370, 257, 372, 371, 255, 367, 366, 263, 368, 262, 281, 326, -0.8794810865138817, -0.14599986222444106]
[58, 76, 366, 359, 368, 350, 358, 364, 367, 370, 371, 361, 365, 326, 332, 356, 363, 369, 355, 372, -0.3773481095110207, -0.2524876728509333]
[56, 77, 367, 326, 371, 368, 370, 372, 332, 366, 369, 325, 333, 359, 365, 327, 328, 329, 358, 364, 279, 363, -0.9111466278446528, -0.4797601748569027]
[57, 76, 368, 366, 359, 367, 358, 370, 326, 332, 371, 364, 356, 369, 333, 350, 355, 361, 365, 372, 363, -0.6377496901045508, -0.4974843140950248]
[57, 79, 369, 365, 370, 372, 371, 363, 255, 257, 364, 367, 281, 326, 325, 368, 279, 366, 280, -0.6116459008829285, -0.1496556044324754]
[57, 78, 370, 369, 371, 365, 367, 372, 364, 368, 326, 363, 366, 255, 257, 325, 359, 279, 281, 332, -0.3356319034788705, -0.5045687493522116]
[56, 78, 371, 367, 370, 372, 326, 369, 325, 365, 368, 279, 366, 255, 329, 364, 281, 327, 332, 363, 257, 280, 328, 333, 359, -0.19033692296047522, -0.35935818613914605]
[56, 79, 372, 369, 371, 370, 255, 325, 365, 367, 279, 281, 326, 257, 280, 363, 329, 364, 368, 276, 327, 366, -0.3315147272220411, -0.767779748728174]
[56, 64, 373, 35, 324, 374, 34, 381, 27, 79, 323, 376, 382, 80, 321, 379, 32, 317, 377, 383, 26, 316, 320, 375, 29, 82, 319, 322, 378, 380, -0.34995656377326023, -0.2783107512096211]
[56, 65, 374, 373, 324, 376, 35, 323, 377, 382, 320, 321, 375, 379, 381, 27, 322, 380, 34, 316, 79, 317, 319, 378, 383, 392, 26, 80, 305, 318, 388, -0.40416209023593097, -0.7154215638383347]
[57, 67, 375, 376, 377, 380, 392, 379, 388, 320, 391, 374, 378, 382, 389, 390, 306, 322, 305, 321, 373, 381, 386, 397, 405, 302, 323, 324, 383, 385, 398, -0.7478997055516253, -0.015367472747855881]
[57, 66, 376, 375, 379, 374, 377, 380, 382, 378, 392, 320, 373, 381, 388, 324, 383, 389, 321, 391, 405, 27, 35, 322, 323, 390, 26, 305, 306, 397, -0.6112467676646265, -0.8472835201976597]
[56, 67, 377, 320, 375, 376, 392, 322, 374, 380, 390, 305, 306, 321, 379, 388, 391, 323, 382, 318, 373, 302, 310, 319, 324, 378, 389, 303, 309, 316, 381, 386, -0.6064579948383417, -0.8200034924626891]
[59, 66, 378, 379, 405, 380, 382, 376, 383, 389, 375, 381, 388, 397, 403, 392, 400, 404, 26, 406, 13, 27, 374, 377, 398, 407, 373, 391, 399, 408, -0.9137277827572355, -0.7825623147066746]
[58, 66, 379, 376, 378, 380, 382, 375, 381, 388, 405, 374, 377, 383, 389, 392, 373, 397, 27, 26, 320, 391, 403, 13, 35, 324, 390, 398, 400, 404, -0.21865437457969195, -0.36228327831765605]
[58, 67, 380, 375, 379, 388, 376, 378, 389, 392, 377, 382, 391, 397, 405, 374, 390, 398, 320, 381, 386, 383, 385, 400, 306, 373, 399, 402, 403, -0.327613305142168, -0.9814065719356933]
[58, 64, 381, 27, 382, 383, 26, 373, 379, 13, 35, 374, 376, 378, 34, 405, 29, 324, 380, 404, 30, 375, 403, 11, 32, 79, 377, -0.9661041160679712, -0.6609677982816731]
[58, 65, 382, 379, 381, 376, 378, 383, 27, 374, 380, 26, 373, 375, 405, 13, 35, 377, 388, 403, 324, 389, 392, 404, 34, 320, 397, -0.28739144776205283, -0.017302198944898484]
[59, 64, 383, 26, 381, 13, 27, 382, 378, 404, 379, 403, 405, 376, 30, 373, 408, 8, 11, 29, 35, 374, 380, 12, 34, 375, 406, -0.4368261665614003, -0.24089166211314383]
[59, 71, 384, 362, 385, 387, 360, 386, 402, 349, 357, 361, 398, 401, 348, 356, 391, 399, 389, 393, 396, 352, 354, 388, 397, 355, 358, 390, 392, 400, -0.39395475233023736, -0.7597281450361028]
[59, 70, 385, 384, 386, 402, 387, 398, 362, 389, 401, 360, 388, 391, 397, 399, 349, 357, 392, 400, 361, 380, 390, 393, 396, 348, 352, 354, 356, 375, -0.4733278159359975, -0.014240037934423633]
[58, 70, 386, 385, 387, 384, 391, 360, 388, 402, 357, 362, 389, 390, 392, 393, 398, 354, 397, 302, 361, 380, 401, 306, 356, 375, 399, 349, 355, 377, 400, -0.04857779442397814, -0.8312595936372623]
[58, 71, 387, 360, 384, 386, 357, 362, 385, 361, 393, 354, 356, 391, 402, 355, 390, 398, 388, 302, 349, 358, 389, 392, 401, 306, 348, 397, 399, -0.04116724070341393, -0.23923984326974457]
[58, 68, 388, 380, 389, 392, 375, 391, 379, 386, 397, 376, 377, 378, 385, 390, 398, 402, 405, 382, 387, 400, 306, 320, 384, 399, 302, 374, 393, 401, -0.243226884953621, -0.31175401160328786]
[59, 68, 389, 388, 397, 380, 398, 378, 385, 392, 400, 375, 379, 386, 391, 399, 402, 405, 376, 401, 384, 377, 382, 387, 390, 407, 403, 406, -0.8949993561040295, -0.047158878808217564]
[56, 69, 390, 306, 391, 302, 392, 377, 393, 303, 305, 320, 375, 386, 388, 304, 322, 380, 387, 309, 354, 310, 312, 357, 376, 385, 389, 311, 318, 321, 334, 360, 379, 384, -0.3242750295422109, -0.8193422446218677]
[57, 69, 391, 390, 392, 386, 388, 306, 375, 302, 377, 380, 385, 387, 389, 393, 320, 384, 357, 376, 398, 303, 305, 354, 360, 379, 397, 402, 304, 322, 362, 378, -0.14712557836501383, -0.38461447687598793]
[57, 68, 392, 375, 388, 391, 377, 380, 390, 376, 389, 306, 320, 379, 386, 302, 378, 385, 305, 397, 322, 374, 382, 387, 393, 398, 303, 321, 384, 402, 405, -0.2865056682334852, -0.5273235043179527]
[56, 71, 393, 354, 302, 357, 304, 355, 387, 390, 303, 306, 334, 356, 360, 386, 391, 361, 311, 384, 312, 358, 362, 385, 392, 305, 309, 388, -0.9412674807021884, -0.30438675841329765]
[63, 71, 394, 353, 395, 396, 438, 352, 349, 401, 434, 437, 469, 348, 399, 435, 402, 430, 433, 471, 475, 398, 400, 431, 436, 470, -0.9975870284218822, -0.4618575975785416]
[63, 70, 395, 394, 396, 434, 438, 353, 401, 437, 352, 399, 433, 435, 349, 400, 436, 402, 430, 398, 407, 431, 469, 348, 397, 426, 475, -0.8118495676866246, -0.28580676101051494]
[62, 71, 396, 352, 394, 349, 353, 395, 401, 438, 348, 399, 402, 398, 434, 469, 384, 362, 385, 400, 437, 397, 433, 435, 471, -0.9323576894840522, -0.6450201159609023]
[60, 68, 397, 389, 398, 400, 399, 388, 402, 405, 378, 380, 385, 401, 407, 379, 386, 406, 392, 375, 384, 391, 403, 376, 382, 387, 395, 396, -0.8060469233361856, -0.059499062273378645]
[60, 69, 398, 397, 399, 402, 385, 389, 400, 401, 384, 386, 388, 380, 387, 396, 407, 391, 405, 349, 362, 378, 392, 395, 352, 360, 375, 379, 394, 406, -0.37444732800906577, -0.05989504074262686]
[61, 69, 399, 398, 400, 401, 397, 402, 385, 389, 395, 396, 407, 384, 394, 349, 434, 352, 386, 388, 405, 406, 433, 353, 362, 378, 380, 387, 438, -0.37705664429397145, -0.21809523351590876]
[61, 68, 400, 397, 399, 398, 407, 389, 401, 402, 405, 406, 378, 385, 395, 388, 403, 433, 380, 396, 434, 379, 384, 386, 394, -0.6271243229202437, -0.5442615794864095]
[61, 70, 401, 399, 402, 396, 398, 349, 385, 395, 400, 352, 384, 394, 397, 353, 362, 389, 348, 386, 387, 407, 434, 438, 360, 388, 433, -0.18719682833677698, -0.44596023726544454]
[60, 70, 402, 385, 398, 401, 384, 399, 386, 397, 349, 362, 387, 389, 396, 400, 352, 360, 388, 395, 348, 391, 394, 353, 357, 361, 380, 392, 407, -0.8375280590823516, -0.8488683580146936]
[61, 65, 403, 404, 405, 406, 408, 8, 13, 378, 383, 407, 6, 26, 382, 400, 423, 379, 381, 397, 7, 27, 380, 389, -0.7674215251329575, -0.0002877478528421351]
[61, 64, 404, 403, 408, 8, 13, 383, 6, 26, 405, 406, 7, 378, 12, 381, 11, 27, 382, 407, 423, 30, 379, 821, -0.4294194622961113, -0.11730009677964248]
[60, 66, 405, 378, 403, 379, 397, 406, 380, 382, 383, 389, 400, 404, 407, 381, 388, 408, 13, 376, 398, 26, 375, 399, 8, 27, 392, -0.43921793349033555, -0.9199747746385561]
[62, 66, 406, 407, 403, 405, 408, 400, 404, 423, 397, 433, 8, 378, 6, 399, 424, 426, 13, 383, 389, 398, 425, 434, 436, -0.6813839961854018, -0.3069160797085462]
[62, 67, 407, 406, 400, 397, 399, 403, 405, 433, 398, 423, 434, 408, 426, 378, 389, 395, 401, 404, 436, 402, 424, 435, -0.1527014466363783, -0.5623865347503025]
[62, 64, 408, 8, 404, 6, 403, 406, 7, 13, 423, 405, 821, 383, 407, 425, 12, 26, 424, 11, 378, -0.2289957810344977, -0.9098623982534433]
[29, 92, 409, -0.7655328679829898, -0.08057807288935392]
[27, 84, 410, -0.7606172117000675, -0.966668919532743]
[22, 87, 411, -0.3871204900976869, -0.341159901888915]
[24, 72, 412, -0.057916552680145394, -0.890200204855894]
[30, 69, 413, 414, 191, -0.37986238659527327, -0.6729138487629631]
[28, 68, 414, 413, -0.9857032429334157, -0.3168661976971726]
[101, 99, 415, -0.5041442817880324, -0.12408864490859262]
[96, 65, 416, -0.740634082086152, -0.3239401237195393]
[98, 70, 417, 419, 418, -0.6406354480369043, -0.4637143793831444]
[96, 69, 418, 417, 419, -0.7363642267552006, -0.35091431348253965]
[98, 72, 419, 417, 418, -0.15326767707253441, -0.4748431573954969]
[97, 77, 420, -0.849319170712926, -0.18907183200050082]
[110, 69, 421, -0.24491048108993207, -0.5994957905775135]
[116, 66, 422, -0.8032624327525749, -0.49776328804619585]
[64, 65, 423, 424, 425, 6, 406, 408, 426, 427, 8, 407, 403, 428, 433, 821, 7, 404, 436, 818, 819, -0.5592477519023829, -0.6276829608381818]
[65, 65, 424, 423, 425, 427, 426, 428, 6, 818, 436, 406, 408, 433, 819, 821, 7, 8, 407, 432, 452, 798, -0.6757446800510458, -0.3998149028325927]
[65, 64, 425, 424, 423, 6, 427, 428, 818, 819, 821, 7, 408, 426, 8, 798, 820, 406, 797, -0.4016817716969655, -0.3939006752228815]
[65, 67, 426, 436, 427, 433, 424, 435, 423, 431, 432, 434, 428, 407, 425, 437, 452, 406, 430, 443, 395, 429, 444, -0.13790435769475917, -0.1420376008455997]
[66, 66, 427, 424, 426, 428, 423, 425, 432, 436, 452, 433, 443, 431, 451, 435, 448, 450, 818, 434, 444, 445, 449, 798, -0.9954228059547434, -0.3531309924949245]
[67, 65, 428, 427, 424, 448, 818, 425, 449, 451, 452, 798, 426, 450, 796, 423, 432, 443, 797, 819, 436, 445, 453, 790, -0.5472809286019663, -0.8239435720148782]
[67, 70, 429, 430, 431, 444, 447, 432, 437, 446, 435, 443, 459, 475, 436, 445, 462, 476, 434, 438, 440, 452, 460, 426, 433, 441, 450, 461, -0.8881609220739611, -0.20989885675547004]
[66, 70, 430, 429, 431, 437, 435, 475, 432, 434, 436, 438, 444, 447, 433, 443, 459, 395, 446, 394, 426, 476, 353, 445, 452, 460, 462, 469, -0.31504770557235284, -0.9311444164995456]
[66, 69, 431, 430, 435, 429, 432, 436, 437, 434, 444, 426, 433, 443, 438, 447, 452, 427, 475, 395, 445, 446, 394, 450, 459, -0.4533966750702324, -0.12335798387475283]
[67, 68, 432, 443, 431, 444, 452, 429, 436, 445, 426, 427, 430, 435, 450, 437, 446, 451, 428, 433, 441, 434, 447, 453, 424, 448, -0.031003919415887315, -0.9693573772778976]
[64, 68, 433, 434, 436, 426, 435, 395, 407, 431, 437, 406, 427, 430, 400, 423, 432, 438, 394, 399, 424, 396, 401, 429, -0.4091567150586507, -0.46336114779870263]
[64, 69, 434, 433, 435, 395, 436, 437, 431, 438, 394, 426, 430, 396, 407, 399, 353, 400, 401, 429, 432, 352, 406, 427, 475, -0.512520836904222, -0.9499089283103457]
[65, 69, 435, 431, 434, 436, 437, 430, 433, 426, 395, 429, 432, 438, 394, 444, 427, 443, 475, 353, 396, 407, 447, 452, -0.1592084489692761, -0.47090910140315845]
[65, 68, 436, 426, 433, 435, 431, 434, 432, 437, 427, 430, 395, 429, 424, 443, 407, 423, 438, 444, 452, 394, 406, 428, -0.6594224542612606, -0.18879565418249122]
[65, 70, 437, 430, 435, 431, 434, 438, 395, 429, 436, 394, 433, 475, 353, 432, 426, 396, 444, 447, 469, 352, 443, 459, 476, -0.5444523321023559, -0.46253016473373787]
[64, 71, 438, 394, 353, 395, 437, 396, 434, 469, 352, 430, 435, 475, 431, 433, 471, 349, 401, 429, 436, 470, 348, 399, 474, 476, -0.5157497394249687, -0.1014129364062859]
[71, 71, 439, 440, 493, 468, 446, 462, 461, 494, 442, 447, 441, 459, 496, 500, 510, 514, 444, 445, 460, 464, -0.21991321448942447, -0.9515087794752699]
[70, 71, 440, 439, 446, 462, 447, 459, 461, 468, 493, 444, 460, 441, 429, 442, 445, 464, 443, 465, 476, 494, 496, 514, -0.7336885921699707, -0.3262762745709773]
[70, 68, 441, 442, 445, 453, 450, 443, 514, 444, 446, 451, 452, 507, 432, 440, 439, 448, 506, 429, 447, -0.8417062587025678, -0.8620997098634262]
[71, 68, 442, 441, 514, 453, 507, 445, 450, 506, 446, 451, 439, 443, 511, 440, 444, 452, 448, 510, -0.11694752325763946, -0.6623088419978109]
[68, 68, 443, 432, 444, 445, 452, 450, 441, 429, 431, 446, 451, 453, 427, 430, 436, 442, 447, 426, 428, 435, 448, 437, 440, -0.6781315941915219, -0.6273887319239477]
[68, 69, 444, 443, 429, 432, 445, 446, 431, 447, 452, 430, 441, 450, 440, 453, 435, 459, 436, 437, 442, 451, 462, 426, 427, 439, 475, -0.7547997025712059, -0.9300821273877594]
[69, 68, 445, 441, 443, 450, 444, 452, 453, 432, 442, 446, 451, 429, 448, 514, 431, 440, 447, 507, 427, 428, 430, 439, -0.11015971574276551, -0.13821024719600639]
[69, 70, 446, 440, 444, 447, 429, 445, 462, 439, 441, 443, 459, 432, 442, 430, 450, 461, 431, 452, 453, 460, 468, 475, 476, 493, 514, -0.9692161044835327, -0.3289274519253469]
[68, 71, 447, 459, 429, 446, 462, 440, 444, 460, 430, 461, 475, 476, 431, 439, 443, 465, 432, 437, 445, 464, 473, 435, 441, 468, 474, -0.9876990868134197, -0.253499203226355]
[69, 65, 448, 449, 451, 428, 450, 796, 452, 453, 790, 798, 788, 818, 445, 427, 441, 443, 797, 432, 442, 507, 753, 789, -0.4316196027201785, -0.1912054474858278]
[69, 64, 449, 448, 796, 790, 798, 451, 428, 788, 797, 818, 789, 450, 794, 452, 453, 753, 793, 427, 752, 791, 819, -0.2704639969033281, -0.1652001244783704]
[69, 67, 450, 445, 451, 452, 453, 441, 443, 448, 432, 442, 444, 428, 446, 449, 507, 427, 514, 429, 431, -0.3094779299543434, -0.19691151881059754]
[69, 66, 451, 448, 450, 452, 453, 445, 449, 428, 441, 443, 432, 442, 427, 796, 444, 507, 790, 798, 514, 788, 818, -0.9762689955866364, -0.9098095430893339]
[68, 67, 452, 443, 450, 432, 445, 451, 444, 453, 427, 428, 441, 448, 431, 426, 429, 436, 442, 446, 449, 424, 430, 435, -0.551622651184059, -0.9953805998228318]
[70, 67, 453, 441, 450, 442, 445, 451, 452, 507, 443, 448, 514, 444, 506, 432, 446, 449, 428, -0.947886664970484, -0.3389052090506729]
[70, 78, 454, 458, 456, 569, 455, 457, 566, 504, 463, 467, 503, 565, 570, 466, 479, 497, 537, 564, -0.24713089836693536, -0.45055820734400454]
[68, 77, 455, 456, 457, 458, 479, 466, 454, 463, 472, 477, 478, 465, 464, 473, 481, 566, 467, 474, 569, -0.3025943032129884, -0.14185128224388344]
[69, 77, 456, 455, 457, 458, 454, 463, 466, 479, 467, 472, 464, 566, 465, 477, 569, 473, 478, 497, -0.3360627205738853, -0.4795340852597131]
[69, 76, 457, 456, 463, 455, 466, 458, 464, 479, 454, 465, 467, 472, 473, 461, 460, 497, 468, 474, 476, 477, 496, -0.024307855001885814, -0.5591827270136056]
[69, 78, 458, 454, 456, 455, 457, 566, 569, 479, 463, 477, 565, 466, 478, 564, 467, 472, 570, -0.8950608754949431, -0.7349879484749133]
[68, 72, 459, 447, 460, 462, 461, 476, 465, 475, 429, 440, 446, 464, 473, 430, 474, 444, 466, 439, 463, 468, 472, 431, 437, 470, -0.4854805717593056, -0.3944868484087273]
[68, 73, 460, 459, 461, 465, 476, 462, 464, 473, 447, 466, 463, 472, 474, 475, 440, 468, 429, 446, 457, 470, 479, 430, 439, 467, -0.9418074727703353, -0.2362094683125009]
[69, 73, 461, 460, 462, 464, 459, 465, 463, 468, 476, 440, 447, 466, 473, 439, 467, 472, 446, 457, 474, 475, 493, 496, 429, 479, 497, -0.3684786042969893, -0.5364965207381128]
[69, 72, 462, 459, 461, 440, 447, 460, 446, 464, 439, 465, 468, 476, 429, 473, 463, 475, 493, 444, 466, 430, 467, 472, 474, 496, -0.19154909186944902, -0.4620951379428593]
[69, 75, 463, 457, 464, 466, 465, 456, 461, 467, 472, 455, 460, 473, 479, 468, 476, 458, 462, 497, 454, 459, 474, 496, -0.8847509415617618, -0.28309902945793686]
[69, 74, 464, 461, 463, 465, 460, 466, 457, 462, 473, 459, 467, 468, 472, 476, 479, 456, 474, 496, 440, 447, 455, 497, 439, 475, 493, -0.5207707981868496, -0.4442770789249335]
[68, 74, 465, 460, 464, 466, 473, 461, 463, 472, 476, 459, 474, 457, 462, 479, 475, 447, 455, 470, 456, 467, 468, 440, 481, -0.46366282121896696, -0.8416748888686546]
[68, 75, 466, 463, 465, 472, 457, 464, 473, 479, 455, 460, 456, 461, 474, 476, 459, 467, 458, 462, 470, 481, 454, 468, 475, 477, -0.44208983905965493, -0.04549094777449769]
[71, 75, 467, 497, 496, 463, 468, 495, 457, 464, 456, 461, 494, 503, 466, 499, 454, 465, 493, 455, 458, 460, 462, 504, -0.8849334610606918, -0.038778906416073844]
[71, 73, 468, 493, 496, 439, 461, 467, 494, 440, 462, 464, 497, 463, 495, 460, 459, 465, 500, 446, 447, 457, 466, 499, -0.5174825865638384, -0.7983599682212155]
[64, 73, 469, 471, 353, 470, 438, 352, 394, 474, 475, 351, 396, 348, 476, 347, 349, 395, 437, 473, 481, 346, 430, 472, -0.3003085821812813, -0.36590174734224823]
[65, 74, 470, 471, 474, 469, 473, 481, 472, 475, 476, 347, 353, 479, 465, 351, 438, 460, 466, 480, 346, 352, 394, 459, -0.009094337125701624, -0.6766221193019187]
[64, 74, 471, 469, 470, 474, 347, 351, 353, 481, 346, 352, 475, 438, 473, 480, 348, 394, 472, 476, 349, 396, 479, -0.07636561173216427, -0.3694431747333433]
[67, 75, 472, 466, 473, 479, 465, 474, 463, 476, 455, 457, 460, 464, 470, 481, 456, 461, 459, 471, 475, 477, 458, 462, 469, 480, -0.14853335029765424, -0.3392192283257146]
[67, 74, 473, 465, 472, 474, 476, 460, 466, 464, 470, 479, 459, 461, 463, 475, 457, 462, 481, 471, 447, 455, 469, 456, -0.6541296020763248, -0.5690043627299849]
[66, 74, 474, 470, 473, 472, 476, 465, 471, 475, 460, 466, 469, 479, 481, 459, 464, 461, 463, 347, 353, 438, 447, 455, 457, 462, 480, -0.3251671015960842, -0.9210629320359227]
[66, 72, 475, 476, 430, 459, 474, 429, 437, 438, 447, 460, 469, 470, 473, 465, 471, 353, 431, 462, 394, 435, 461, 472, 395, 434, 444, 446, 464, 466, -0.9761953411073376, -0.9562501498425108]
[67, 73, 476, 460, 473, 459, 465, 474, 475, 461, 472, 447, 462, 464, 466, 470, 463, 429, 469, 479, 430, 471, 437, 438, 440, 446, 457, 481, -0.07763409474875282, -0.572951144228937]
[66, 78, 477, 478, 455, 479, 480, 481, 555, 344, 458, 456, 472, 268, 347, 457, 466, 556, 564, 566, -0.2699061076406304, -0.05095449469800861]
[66, 79, 478, 477, 555, 455, 480, 556, 564, 268, 344, 458, 479, 481, 566, 267, 456, 557, 565, 567, -0.8293626550895805, -0.6390116994745784]
[67, 76, 479, 472, 455, 466, 457, 473, 481, 456, 463, 465, 474, 477, 458, 464, 470, 476, 460, 478, 480, 454, 461, 471, -0.6297893386842283, -0.36526868891088915]
[64, 77, 480, 344, 347, 481, 345, 346, 477, 351, 478, 471, 555, 268, 470, 479, 472, 474, -0.5285005252306316, -0.35927301598811634]
[65, 76, 481, 480, 347, 470, 479, 471, 472, 474, 477, 344, 473, 346, 351, 455, 466, 469, 478, 345, 465, 476, -0.3971233107682992, -0.0015134653453261482]
[79, 79, 482, 625, 483, 554, 484, 624, 485, 590, 591, 550, 552, -0.602354589317817, -0.7563930844669245]
[79, 77, 483, 625, 482, 484, 488, 624, 489, 623, 622, 485, 621, -0.2613210306346626, -0.6003647221530071]
[77, 77, 484, 483, 485, 489, 482, 488, 498, 487, 625, 499, 623, -0.8988867560268232, -0.9435566883796117]
[76, 79, 485, 550, 484, 541, 554, 482, 553, 504, 537, 552, 483, 503, -0.606324053245742, -0.6511369670473697]
[77, 72, 486, 490, 492, 502, 487, 491, 501, 516, 509, 515, 500, 620, 489, 610, 488, 498, 510, 512, 609, 622, -0.20123978914161444, -0.7135063572119875]
[76, 74, 487, 498, 501, 486, 489, 490, 499, 502, 500, 484, 488, 491, 494, 495, 492, -0.17758530004605744, -0.522312040266654]
[79, 75, 488, 489, 623, 622, 483, 491, 490, 621, 484, 624, 492, 487, 620, 625, 486, -0.6409316348645789, -0.5597962476364118]
[78, 75, 489, 488, 490, 623, 483, 484, 487, 491, 622, 498, 486, 492, 621, 501, 620, 624, 625, -0.7415660509953591, -0.22542542734627302]
[78, 73, 490, 491, 486, 492, 489, 487, 488, 620, 622, 610, 623, 501, 516, 502, 515, 621, 498, 608, 609, -0.02131865795043153, -0.5874143091166483]
[79, 73, 491, 490, 492, 620, 622, 488, 486, 489, 610, 621, 623, 608, 515, 487, 516, 609, -0.3160088065973392, -0.677063361689317]
[79, 72, 492, 491, 620, 490, 610, 486, 515, 516, 608, 609, 622, 621, 488, 489, 623, 487, -0.14115915143128832, -0.6587242476099368]
[72, 72, 493, 439, 468, 494, 496, 500, 440, 510, 462, 497, 502, 461, 467, 495, 501, 446, 464, 499, 509, -0.9577735984438144, -0.5056432630471791]
[73, 73, 494, 493, 496, 500, 468, 495, 501, 497, 499, 502, 439, 467, 498, 487, 510, 440, 509, -0.8010522691271655, -0.4644646750918284]
[73, 75, 495, 497, 499, 496, 467, 494, 498, 503, 468, 501, 504, 487, 493, 500, 502, -0.21255246111251858, -0.38822842920729106]
[72, 74, 496, 497, 467, 468, 494, 495, 493, 499, 500, 464, 439, 461, 463, 498, 501, 503, 440, 457, 462, 502, -0.5835492015962483, -0.06435558985940837]
[72, 75, 497, 467, 495, 496, 499, 468, 494, 503, 463, 493, 498, 457, 464, 504, 454, 456, 461, 500, 501, -0.8635365428101187, -0.5899526025674829]
[75, 75, 498, 499, 487, 495, 501, 484, 494, 503, 489, 497, 502, 496, 500, 486, 490, 504, -0.3453158212916283, -0.12375833445394657]
[74, 75, 499, 495, 498, 497, 487, 494, 496, 501, 503, 467, 500, 502, 504, 468, 484, 493, -0.4070462317461828, -0.8845216605727418]
[74, 72, 500, 502, 494, 501, 493, 510, 509, 487, 496, 486, 499, 439, 468, 495, 498, 512, 497, -0.9016355395746409, -0.7686192506097931]
[75, 73, 501, 502, 487, 500, 494, 498, 486, 499, 495, 490, 509, 493, 496, 510, 489, 497, -0.4126823680881261, -0.8377714800576498]
[75, 72, 502, 500, 501, 486, 509, 487, 494, 510, 493, 498, 512, 490, 499, 495, 496, 516, -0.04069045955481987, -0.3484242403272648]
[73, 77, 503, 504, 495, 497, 499, 467, 498, 537, 454, 496, 485, -0.8095661269890544, -0.670613668658341]
[73, 78, 504, 503, 537, 454, 495, 485, 497, 499, 467, 498, 541, 569, 570, -0.5858786895739575, -0.09135543589728079]
[73, 64, 505, 751, 753, 747, 752, 788, 789, 506, 519, 750, 507, 732, 748, 790, 508, 522, 791, -0.8774934343228327, -0.13183338147197798]
[73, 67, 506, 507, 511, 514, 508, 442, 513, 512, 453, 505, 523, 441, 510, 518, 522, 509, -0.958658646725245, -0.12414711939371204]
[72, 67, 507, 506, 514, 442, 453, 441, 511, 450, 508, 445, 451, 505, 513, 448, 510, 512, -0.03267485330763831, -0.884489490646929]
[75, 67, 508, 513, 523, 511, 518, 522, 506, 512, 521, 520, 507, 509, 524, 510, 514, 517, 519, 505, -0.6824208146396753, -0.6978453871351066]
[75, 70, 509, 510, 512, 502, 513, 500, 511, 518, 486, 501, 508, 516, 523, 493, 494, 506, 514, 517, -0.6947115049940941, -0.20287088423977506]
[74, 70, 510, 509, 512, 500, 511, 502, 513, 493, 514, 518, 439, 494, 501, 506, 508, 442, 486, 507, 523, -0.323448142306071, -0.6011989327296132]
[74, 68, 511, 513, 506, 508, 512, 510, 514, 518, 507, 509, 523, 522, 442, 521, -0.11986756959148348, -0.8001531102855214]
[75, 69, 512, 509, 513, 510, 511, 518, 508, 523, 506, 502, 500, 514, 516, 517, 522, 486, 507, 521, 524, -0.14029793308265237, -0.3607217374042755]
[75, 68, 513, 508, 511, 512, 518, 523, 509, 506, 510, 522, 521, 514, 517, 507, 524, 516, 520, -0.5710031183657279, -0.6141735045430217]
[72, 68, 514, 442, 507, 506, 441, 511, 453, 510, 445, 513, 439, 450, 508, 512, 440, 446, 451, 509, -0.13163571011679953, -0.3746786989405839]
[79, 70, 515, 516, 609, 610, 492, 517, 608, 620, 486, 491, 490, 524, 603, 518, 601, 606, -0.09011656278073032, -0.3169994123452893]
[78, 70, 516, 515, 517, 609, 486, 492, 610, 518, 620, 490, 509, 524, 491, 512, 608, 502, 513, 523, 603, -0.4621412269395875, -0.9442509550638997]
[78, 68, 517, 524, 516, 518, 515, 521, 523, 603, 522, 609, 513, 508, 512, 520, 601, 509, 602, 610, -0.09605497354328707, -0.5454383617091826]
[76, 68, 518, 513, 523, 508, 512, 511, 517, 522, 509, 521, 524, 510, 516, 506, 520, 515, -0.5007712805001887, -0.3107174118346566]
[76, 64, 519, 732, 520, 522, 525, 521, 727, 731, 747, 505, 523, 729, 508, 730, 751, 524, 726, 748, -0.9490735351272855, -0.32393319107130614]
[77, 65, 520, 521, 519, 522, 525, 523, 524, 727, 732, 508, 731, 517, 518, 600, 513, 603, 726, -0.21888945453800546, -0.5809942372052124]
[77, 66, 521, 520, 522, 523, 524, 508, 517, 518, 519, 525, 513, 603, 727, 732, 511, 512, 600, -0.28334974087522646, -0.5152192318200296]
[76, 66, 522, 521, 523, 508, 520, 518, 519, 513, 524, 511, 517, 525, 732, 506, 512, 505, 727, -0.5796804320475878, -0.31844060844363886]
[76, 67, 523, 508, 518, 522, 513, 521, 524, 511, 512, 517, 520, 506, 519, 509, 510, 516, 525, -0.14134842674851267, -0.38030793313023503]
[78, 67, 524, 517, 521, 523, 603, 518, 520, 522, 508, 516, 525, 601, 513, 515, 602, 512, 519, 600, 609, -0.07988637549854216, -0.39936905444573767]
[78, 64, 525, 727, 520, 519, 600, 521, 726, 731, 732, 522, 524, 680, 730, 523, 602, 603, 729, -0.7568737649514944, -0.7567542705664425]
[79, 95, 526, 528, 527, 639, 598, 599, -0.10918561288769224, -0.3828930280832691]
[78, 93, 527, 528, 526, 529, 599, -0.0002303129481179278, -0.8844948896003099]
[79, 93, 528, 527, 526, 599, 529, 598, 639, -0.9461664915344485, -0.005279152016108624]
[76, 92, 529, 527, 536, 528, 534, 535, -0.4572908201810909, -0.23828028790194478]
[77, 88, 530, 531, 535, 549, 542, 597, 546, 548, 547, -0.6997652208058565, -0.7699668769059409]
[79, 88, 531, 597, 530, 547, 546, 549, -0.42448946424222755, -0.5788471408886247]
[72, 88, 532, 533, 577, 544, 575, 534, 535, 560, 574, 542, 576, -0.8120465068392352, -0.8462863522463948]
[72, 89, 533, 532, 577, 534, 535, 574, 544, 575, 576, -0.903402967920377, -0.8169119718042258]
[73, 91, 534, 533, 536, 535, 577, 529, 532, -0.9241034104085726, -0.10583651721606857]
[75, 89, 535, 530, 534, 533, 542, 529, 532, 549, 544, -0.49463031599115703, -0.7799539415130479]
[74, 93, 536, 529, 534, -0.04194096717280327, -0.6547231278745742]
[73, 80, 537, 504, 538, 539, 541, 570, 503, 569, 485, 540, 550, 454, 553, 568, -0.18039672405740836, -0.7873923955885659]
[73, 82, 538, 539, 540, 537, 541, 543, 568, 570, 553, 550, 559, 560, 569, -0.10263374821900917, -0.26677621010973906]
[72, 82, 539, 538, 540, 568, 570, 543, 537, 559, 569, 541, 560, 565, 562, 566, -0.5921782895649443, -0.2903165534715917]
[72, 83, 540, 539, 543, 568, 538, 559, 560, 570, 537, 544, 562, 541, 565, 569, -0.03210367944199899, -0.43051547157133085]
[75, 81, 541, 550, 553, 485, 537, 538, 552, 551, 554, 539, 504, 540, -0.19920355937727596, -0.7756994398848415]
[75, 86, 542, 549, 548, 544, 530, 535, 546, 532, 543, 545, 551, -0.21436966082231412, -0.8031499464685717]
[72, 84, 543, 540, 560, 568, 539, 559, 538, 544, 562, 570, 542, -0.7111686189583093, -0.3833673776331473]
[73, 86, 544, 542, 532, 543, 560, 549, 533, 540, 548, 535, 559, 568, 577, -0.1379005330233135, -0.36599900233196503]
[78, 84, 545, 546, 547, 551, 593, 548, 552, 549, 553, 590, 554, 542, 550, -0.21526930118331056, -0.00029590522416333975]
[78, 85, 546, 545, 547, 548, 549, 551, 593, 530, 531, 542, 552, 553, 590, 597, -0.5744670580794439, -0.12200922489385324]
[79, 85, 547, 546, 545, 593, 551, 531, 548, 549, 590, 597, 530, 552, -0.5031137104068403, -0.5180028071367396]
[76, 85, 548, 549, 542, 546, 545, 551, 547, 553, 530, 544, 552, -0.5306016688746069, -0.5139849230182472]
[76, 86, 549, 542, 548, 530, 546, 545, 544, 535, 547, 551, 531, -0.6555440793243131, -0.1928641356872005]
[76, 81, 550, 541, 553, 552, 485, 554, 551, 537, 538, 482, 545, -0.273844482674065, -0.12813094512770784]
[77, 83, 551, 552, 545, 553, 546, 548, 550, 554, 541, 547, 549, 590, 593, 542, -0.9307576505733705, -0.6091722963365319]
[77, 82, 552, 551, 553, 550, 554, 541, 545, 590, 485, 546, 548, 482, 547, 593, -0.5444412691743934, -0.8554792681020255]
[76, 82, 553, 550, 552, 541, 551, 554, 545, 485, 538, 548, 537, 546, -0.5720778957831366, -0.5287609828187176]
[78, 81, 554, 552, 550, 482, 551, 553, 590, 485, 541, 545, 593, 625, -0.2511738589044906, -0.224602234723286]
[64, 80, 555, 268, 556, 267, 557, 344, 478, 345, 477, 263, 480, 262, 265, 266, -0.4407935016717509, -0.830942060761646]
[64, 81, 556, 267, 555, 557, 268, 266, 478, 262, 263, 265, 344, 264, 345, 477, -0.5634067753015329, -0.1636986405258588]
[64, 82, 557, 556, 267, 555, 266, 268, 265, 260, 262, 264, 261, 263, 478, -0.1294611480754707, -0.6725813075746974]
[66, 86, 558, 580, 563, 581, 561, 573, 260, 248, 562, 575, 578, -0.517437998587503, -0.9348403534421741]
[70, 84, 559, 562, 560, 568, 543, 561, 540, 539, 567, 565, 570, 538, 544, 563, 564, -0.05023311441486067, -0.6910683030089744]
[71, 85, 560, 543, 559, 568, 540, 544, 562, 532, 539, 561, 538, 563, 575, -0.6150454475893096, -0.17030128662378652]
[68, 84, 561, 562, 559, 567, 558, 563, 564, 560, 565, 568, -0.13750886087359804, -0.4099273671574334]
[69, 84, 562, 559, 561, 560, 567, 568, 543, 565, 540, 563, 564, 539, 558, 570, -0.18319757932623204, -0.6118024784672346]
[68, 87, 563, 573, 575, 581, 558, 574, 580, 561, 562, 576, 559, 560, 577, -0.6240864678087428, -0.234062445804462]
[68, 81, 564, 565, 567, 566, 569, 478, 561, 570, 458, 562, 454, 477, 559, 568, -0.7936079018336659, -0.052833090645908354]
[69, 81, 565, 564, 566, 567, 569, 570, 568, 458, 562, 454, 539, 559, 561, 478, 540, -0.6150118056368375, -0.011220814253334654]
[69, 80, 566, 565, 569, 564, 458, 454, 567, 570, 456, 455, 478, 477, 539, 568, -0.34552355133207946, -0.9413164151020126]
[68, 82, 567, 564, 565, 561, 562, 566, 559, 569, 568, 570, 478, -0.11916374314396005, -0.09599489850065612]
[71, 83, 568, 540, 539, 543, 559, 560, 570, 538, 562, 565, 561, 567, 569, 537, 544, 564, 566, -0.05884630652391254, -0.6965063456323783]
[70, 80, 569, 566, 565, 570, 454, 458, 564, 539, 567, 537, 456, 568, 455, 504, 538, 540, -0.500908802506848, -0.8763636879032886]
[71, 81, 570, 539, 569, 565, 568, 537, 538, 540, 566, 564, 454, 543, 559, 567, 458, 504, 562, -0.9999145706418189, -0.131580339196801]
[68, 93, 571, 572, 582, 583, 576, 585, 586, -0.3957293325959398, -0.4495579089466668]
[69, 93, 572, 571, 582, 576, 583, -0.4000288538764524, -0.14962739631796906]
[68, 88, 573, 563, 575, 581, 574, 580, 576, 558, 577, 579, -0.36685503703474387, -0.2178605219859422]
[69, 89, 574, 575, 576, 573, 577, 563, 581, 533, 532, 580, -0.4816017437610135, -0.5147915038191215]
[69, 88, 575, 573, 574, 563, 576, 581, 577, 532, 580, 533, 558, 560, -0.8022290195017722, -0.07096903435623103]
[69, 90, 576, 574, 575, 573, 577, 581, 572, 533, 563, 571, 532, 580, -0.05456777103088639, -0.3317853990939259]
[71, 89, 577, 533, 532, 574, 575, 576, 534, 573, 544, 563, -0.30122465069524984, -0.4510497085331062]
[64, 89, 578, 248, 579, 580, 584, 581, 585, 558, -0.806755307703543, -0.3639426899971946]
[65, 90, 579, 578, 585, 580, 584, 248, 581, 573, -0.23449144840179426, -0.45567013702849535]
[66, 88, 580, 581, 558, 573, 563, 578, 579, 248, 575, 574, 576, -0.36254731581530686, -0.07819766534295969]
[67, 88, 581, 573, 580, 563, 575, 558, 574, 576, 579, 578, -0.05185082945604291, -0.7603123091807791]
[67, 94, 582, 571, 583, 586, 572, 585, 584, -0.5037142740349296, -0.9580453269427857]
[66, 95, 583, 582, 586, 571, 246, 585, 572, 584, -0.805319787949115, -0.7231402501921791]
[64, 92, 584, 585, 579, 586, 578, 246, 582, 583, -0.044696276726631234, -0.5348783002545788]
[65, 92, 585, 584, 579, 586, 582, 571, 578, 583, 246, -0.5401525115224266, -0.5259736968783865]
[65, 94, 586, 583, 582, 585, 246, 584, 571, -0.011122179304918323, -0.6925832255712707]
[92, 88, 587, 588, -0.40992042880846924, -0.6989243196594171]
[92, 89, 588, 587, -0.9658707433129224, -0.2933796629894859]
[89, 81, 589, -0.05373847295071088, -0.01643635264897403]
[80, 82, 590, 593, 554, 545, 591, 552, 482, 547, 551, 592, 546, -0.49857856236120524, -0.5982010819474487]
[82, 80, 591, 592, 590, 625, 482, 624, -0.5444308086557684, -0.5851681646169073]
[83, 81, 592, 591, 590, -0.2158452329211903, -0.38146331206088757]
[80, 84, 593, 547, 545, 590, 546, 551, 552, 554, -0.7370538948408333, -0.3657175389703281]
[85, 85, 594, 595, -0.8991465903630431, -0.2587963616347685]
[85, 86, 595, 594, -0.8601475384476457, -0.028668701356560078]
[87, 91, 596, -0.45269791140617255, -0.6876802664484997]
[80, 88, 597, 531, 530, 547, 546, -0.7206562902798402, -0.8303030350478194]
[82, 94, 598, 599, 639, 526, 528, -0.004421489346182472, -0.41183258218078433]
[81, 92, 599, 528, 598, 527, 526, -0.7318374522430168, -0.9180103789990184]
[80, 64, 600, 680, 525, 604, 602, 605, 676, 726, 727, 603, 520, 601, 679, 521, 524, 731, -0.6171791335471034, -0.9491609277561062]
[81, 67, 601, 602, 603, 606, 605, 607, 524, 517, 600, 604, 609, 515, 616, -0.5588856370044024, -0.41580637336548587]
[81, 66, 602, 601, 603, 605, 600, 604, 606, 607, 680, 524, 616, 676, 517, 525, -0.0546716035623348, -0.6816424513438185]
[80, 67, 603, 601, 602, 524, 517, 606, 605, 600, 609, 515, 521, 607, 516, 520, 525, 604, -0.08934547846426955, -0.36976419754174217]
[82, 64, 604, 605, 676, 680, 600, 602, 616, 601, 677, 679, 603, 663, 664, 726, -0.32954325907110393, -0.7570292267891156]
[82, 65, 605, 604, 602, 616, 676, 600, 601, 680, 603, 606, 607, -0.11847577563175171, -0.06940731684424262]
[82, 68, 606, 607, 601, 602, 603, 609, 615, 605, 608, 515, 610, 614, 616, -0.5394490982925603, -0.26419793267218894]
[83, 68, 607, 606, 601, 615, 602, 614, 603, 605, 613, 616, 608, 609, 611, -0.27937887041148124, -0.818915677797464]
[81, 71, 608, 610, 609, 620, 492, 515, 491, 621, 516, 606, 615, 622, 490, 607, -0.949946603159669, -0.10690267156681665]
[80, 70, 609, 515, 610, 608, 516, 620, 492, 517, 606, 603, 491, 601, 486, 490, 524, 607, -0.6715570274385242, -0.12264648309393178]
[80, 71, 610, 608, 609, 620, 492, 515, 491, 516, 490, 622, 486, 621, 517, 606, -0.8411798780928142, -0.6461648341937165]
[86, 70, 611, 612, 613, 614, 615, 619, 635, 636, 607, -0.087801424815245, -0.8059028666347814]
[86, 71, 612, 611, 614, 619, 613, 615, 636, 635, -0.09508343029778588, -0.7292115400593586]
[86, 69, 613, 611, 614, 612, 615, 635, 607, 619, 636, -0.2603735417325572, -0.28138057734510225]
[85, 70, 614, 611, 615, 612, 613, 619, 607, 606, 635, -0.9871227098001927, -0.9877524402183484]
[84, 70, 615, 614, 611, 607, 612, 613, 619, 606, 608, -0.15884008488877366, -0.01905536490225257]
[84, 65, 616, 605, 617, 604, 676, 602, 607, 664, 601, 606, 680, -0.32047598829458046, -0.02376500115859992]
[86, 65, 617, 616, 650, 631, 664, 635, -0.7125344822159136, -0.5457261247612158]
[85, 77, 618, -0.21054075567951025, -0.8251729597616536]
[85, 72, 619, 612, 614, 611, 615, 613, -0.39049068961401934, -0.4589578632553625]
[80, 72, 620, 492, 610, 491, 608, 609, 622, 490, 515, 621, 516, 486, 623, 488, 489, -0.6967544102958974, -0.20920448992392626]
[81, 74, 621, 622, 623, 488, 491, 620, 492, 608, 624, 489, 490, 610, 483, -0.9699895637475422, -0.17855701167651739]
[80, 74, 622, 621, 623, 488, 491, 620, 489, 490, 492, 610, 483, 608, 624, 486, -0.014004086053465481, -0.38123153766504747]
[80, 75, 623, 488, 622, 621, 489, 483, 491, 624, 490, 620, 625, 492, 484, -0.024509382967453752, -0.4919350635267844]
[81, 77, 624, 625, 483, 623, 482, 488, 621, 591, 622, 489, -0.6987935032890827, -0.6936110491825772]
[80, 78, 625, 482, 483, 624, 591, 623, 484, 488, 489, 554, -0.6231758587833319, -0.28036026134385883]
[93, 76, 626, 627, 630, 629, -0.6139117945208538, -0.6123687245767755]
[93, 73, 627, 629, 633, 626, 628, -0.8741259568141737, -0.8531330296316598]
[90, 72, 628, 629, 633, 636, 627, -0.4028008259340322, -0.10840914303210358]
[91, 73, 629, 628, 627, 633, 626, 636, -0.08215851966140897, -0.31932880940300656]
[90, 77, 630, 626, -0.39806630322985825, -0.45527845281486934]
[89, 66, 631, 632, 634, 635, 617, 650, 637, -0.8465919233720025, -0.4414685283216615]
[90, 64, 632, 648, 631, 649, 650, -0.48579625607792476, -0.6204218685697512]
[91, 71, 633, 628, 629, 636, 627, 634, 637, -0.7908060737325963, -0.9067177374950055]
[90, 68, 634, 635, 637, 631, 636, 633, -0.7212794836403443, -0.5431019257754148]
[88, 68, 635, 634, 613, 631, 636, 611, 612, 614, 617, -0.8127162893313948, -0.5808663992353669]
[89, 70, 636, 628, 633, 634, 635, 611, 612, 613, 629, 637, -0.14404035271827775, -0.7899143835468071]
[92, 68, 637, 634, 633, 631, 636, -0.47171823316839234, -0.17476413132927848]
[89, 113, 638, -0.6774884367716367, -0.7370045049783719]
[81, 96, 639, 526, 598, 528, -0.3459815506830265, -0.9985506940299494]
[68, 99, 640, -0.7118007433862023, -0.636902409627315]
[72, 25, 641, -0.7932159710402876, -0.46162507117402474]
[65, 20, 642, -0.9421423485491045, -0.025809271075073026]
[64, 31, 643, -0.32506352759505264, -0.38143617749879444]
[94, 56, 644, 653, -0.6630440980724547, -0.4695486460139867]
[89, 58, 645, 646, 647, 659, -0.751154971413622, -0.10043934318782077]
[88, 59, 646, 645, 647, 649, 648, -0.9277724858387864, -0.917874122794278]
[90, 57, 647, 645, 646, 659, -0.04890373322302466, -0.6317134167181229]
[90, 62, 648, 649, 632, 650, 646, -0.4842435240910441, -0.5813177510868093]
[89, 62, 649, 648, 650, 632, 646, -0.23697725770724953, -0.43389512635451133]
[88, 63, 650, 649, 632, 648, 617, 631, 664, -0.3208462945429582, -0.34687684391055074]
[88, 50, 651, 660, 652, -0.2607883765935095, -0.13595969890137605]
[88, 53, 652, 659, 660, 651, 661, -0.25550471560942256, -0.6136236457116732]
[92, 53, 653, 644, -0.8040628044160569, -0.8019531201758479]
[92, 48, 654, 688, -0.8327310912522302, -0.9944675689357543]
[80, 49, 655, 764, 763, 657, 687, 711, -0.40186864356869934, -0.6684585445315148]
[83, 53, 656, 657, 661, 675, 660, 662, 658, 665, 669, -0.8912538003248158, -0.8166768437007644]
[81, 52, 657, 656, 760, 655, 658, 761, 662, -0.6982586134457672, -0.058592959695115465]
[80, 55, 658, 669, 736, 760, 668, 761, 671, 762, 657, 675, 656, 673, -0.6687455341330606, -0.8828395742189996]
[87, 55, 659, 661, 652, 665, 660, 645, 647, -0.7673105508136332, -0.6428853027462849]
[86, 52, 660, 652, 651, 662, 656, 659, 661, -0.11801564514614271, -0.5897278735704671]
[85, 55, 661, 665, 659, 675, 656, 660, 666, 652, -0.3263416881656229, -0.7408171349678792]
[84, 50, 662, 660, 656, 657, -0.21781693904647392, -0.6475656692338593]
[84, 61, 663, 677, 664, 667, 674, 676, 666, 679, 604, 670, 673, 680, -0.0947108267952218, -0.2762604042486373]
[85, 62, 664, 663, 677, 616, 617, 650, 667, 676, 604, -0.3108016834830233, -0.2565543382832992]
[85, 56, 665, 661, 675, 659, 666, 667, 656, 673, -0.39862801179372187, -0.9021567556911918]
[84, 58, 666, 667, 673, 665, 674, 675, 663, 661, 668, 670, 677, 669, -0.9557056093134321, -0.5050867859184764]
[84, 59, 667, 666, 663, 674, 673, 677, 670, 664, 665, 675, 668, 679, -0.6412126149736445, -0.4126559189074557]
[81, 57, 668, 669, 671, 673, 670, 658, 672, 674, 675, 736, 666, 678, 667, 735, 760, -0.615277441743252, -0.13579901839944175]
[81, 56, 669, 668, 658, 675, 736, 671, 673, 760, 670, 672, 674, 656, 666, -0.7154467406032117, -0.2165777806797412]
[81, 59, 670, 672, 674, 671, 673, 678, 668, 679, 677, 667, 669, 735, 666, 663, 675, 726, 736, -0.3717511108976418, -0.5345399682318246]
[80, 58, 671, 672, 668, 670, 673, 678, 669, 674, 735, 736, 658, 734, 679, 733, 675, -0.9887530451599776, -0.07985588324973292]
[80, 59, 672, 670, 671, 678, 674, 735, 668, 673, 679, 733, 669, 726, 734, 736, 677, 730, -0.2615240002311331, -0.17424303294237098]
[82, 58, 673, 674, 668, 670, 666, 671, 667, 669, 672, 675, 678, 677, 679, 658, 663, 665, 736, -0.23648234371782728, -0.7050645334496263]
[82, 59, 674, 670, 673, 667, 672, 666, 668, 671, 677, 678, 679, 663, 669, 675, -0.637640515409414, -0.4391323191921097]
[83, 56, 675, 665, 669, 661, 666, 668, 673, 656, 658, 667, 674, 670, 671, -0.20374088025657167, -0.13485668594638645]
[82, 63, 676, 604, 680, 605, 600, 677, 679, 616, 663, 602, 664, 726, 678, -0.7893491318629368, -0.28408288904038603]
[83, 61, 677, 663, 679, 664, 667, 674, 676, 670, 680, 604, 666, 673, 678, 672, -0.7304559844504749, -0.762856605025955]
[80, 60, 678, 672, 670, 679, 671, 674, 726, 735, 673, 668, 677, 680, 730, 733, 676, 727, 731, 734, -0.9482087047156601, -0.2384740687721959]
[81, 61, 679, 678, 670, 677, 680, 672, 674, 676, 726, 663, 600, 604, 671, 673, 667, 727, 735, -0.6018769579705505, -0.8545704910504782]
[81, 63, 680, 676, 600, 604, 679, 605, 726, 677, 602, 727, 525, 678, 616, 663, -0.8940551587001319, -0.8541954648387788]
[80, 37, 681, 723, -0.4451395862212634, -0.1815756637016256]
[86, 44, 682, 683, -0.6416802325805554, -0.4507914734054802]
[84, 45, 683, 682, 686, 687, -0.5867912176000207, -0.2469223221767154]
[80, 41, 684, 685, 713, 723, -0.4024959135999341, -0.11600773083420679]
[80, 42, 685, 684, 686, 713, -0.22710314825227962, -0.8681701495026185]
[81, 45, 686, 687, 711, 683, 685, 764, -0.02819201143272576, -0.05251912189747299]
[81, 46, 687, 686, 711, 764, 655, 683, 763, -0.42905668945246067, -0.8668291736329401]
[91, 46, 688, 654, -0.5679486411213213, -0.7831088893280852]
[64, 36, 689, 137, -0.7864458891024624, -0.1813468875290989]
[68, 36, 690, 691, 692, -0.7574582473656988, -0.43515687990066765]
[68, 38, 691, 690, 705, 704, 698, 702, -0.27134742352178587, -0.847875303426973]
[69, 34, 692, 690, 693, -0.6608990973298278, -0.8214559627412532]
[71, 33, 693, 692, -0.2547037293777904, -0.4873416932739906]
[70, 45, 694, 695, 696, 697, 701, 700, 720, 716, 721, 785, 699, 717, 719, 718, 781, -0.8161517522272212, -0.4498121167825382]
[71, 45, 695, 694, 720, 696, 700, 697, 701, 716, 717, 719, 721, 718, 785, 699, -0.5242282517217635, -0.18752072778406437]
[69, 45, 696, 694, 697, 695, 701, 700, 699, 706, 720, 781, 785, 716, 721, -0.7253726184735589, -0.25105792054530873]
[69, 44, 697, 696, 694, 701, 699, 695, 700, 698, 716, 706, 720, -0.10575549544558982, -0.9773784770413593]
[69, 41, 698, 699, 701, 702, 705, 700, 697, 715, 691, 704, 716, -0.09358866721413706, -0.6147929957776702]
[69, 42, 699, 698, 701, 697, 700, 702, 705, 696, 694, 715, 716, 695, 704, -0.48559050910173074, -0.6308638020617169]
[71, 43, 700, 701, 716, 695, 694, 697, 699, 715, 717, 696, 698, 702, 720, 719, -0.7397182037505656, -0.8338444632563872]
[70, 43, 701, 700, 697, 699, 694, 716, 695, 696, 698, 715, 702, 717, 720, -0.3709670858131603, -0.3966645147760083]
[71, 40, 702, 715, 698, 699, 700, 701, 716, 691, -0.8582500436862571, -0.6157065079509185]
[64, 41, 703, 127, 704, 707, 126, 705, 137, -0.5200745521702211, -0.9524214551730138]
[66, 40, 704, 705, 703, 691, 698, 699, -0.4191352039628513, -0.8972533340165685]
[67, 40, 705, 704, 691, 698, 699, 703, -0.07828472947635612, -0.024204476895820948]
[66, 46, 706, 709, 708, 710, 707, 781, 768, 125, 696, 769, 697, -0.310722871038314, -0.9160242320914828]
[64, 44, 707, 708, 125, 709, 123, 706, 703, 710, 124, 127, -0.11308675822169811, -0.8783199631072515]
[64, 45, 708, 125, 707, 709, 710, 123, 706, 124, -0.09984885601615423, -0.7128928228721533]
[65, 45, 709, 708, 706, 707, 125, 710, 123, 124, -0.05083209070924455, -0.5831947746562982]
[64, 47, 710, 124, 708, 60, 123, 125, 706, 709, 59, 768, 707, 57, 58, 769, -0.8810285922602119, -0.28139341942991725]
[79, 46, 711, 687, 764, 686, 712, 763, 655, -0.2990085541807399, -0.5106234483021178]
[77, 45, 712, 711, 714, 763, 764, -0.5239000021922136, -0.9682257909310336]
[77, 41, 713, 714, 684, 685, 723, 725, -0.16940363126827362, -0.19642399612695127]
[76, 43, 714, 712, 713, 717, -0.04560540059042695, -0.6397761209057008]
[72, 41, 715, 702, 716, 700, 701, 698, 699, 717, -0.645680334851814, -0.9214331039239542]
[72, 43, 716, 700, 717, 701, 715, 695, 694, 720, 697, 699, 702, 719, 696, 698, -0.8516515257729307, -0.6717621180883718]
[73, 44, 717, 716, 719, 695, 700, 720, 718, 694, 701, 714, 715, 721, -0.35831459917320474, -0.3311942483498095]
[73, 47, 718, 719, 721, 720, 695, 787, 717, 785, 694, 786, -0.9636033741163579, -0.027105567753306636]
[73, 46, 719, 718, 720, 721, 717, 695, 694, 716, 700, 785, 787, -0.7563733901394127, -0.5982148640383184]
[72, 46, 720, 719, 721, 695, 718, 694, 717, 785, 716, 696, 700, 787, 697, 701, 786, -0.6612659883160812, -0.0594359456838639]
[72, 47, 721, 718, 720, 719, 695, 785, 787, 694, 786, 717, 696, -0.777432818438241, -0.3471243587767844]
[75, 33, 722, -0.3200989764653429, -0.15353517393088378]
[78, 38, 723, 725, 681, 724, 713, 684, -0.03130785615445153, -0.33191320132596835]
[76, 37, 724, 725, 723, -0.49180583184950966, -0.8359632153420009]
[76, 38, 725, 724, 723, 713, -0.16685150738439347, -0.7601784571308828]
[79, 62, 726, 727, 731, 525, 600, 678, 679, 680, 730, 672, 676, 729, 732, 735, 519, 520, 604, 670, 728, 733, -0.10655888829952753, -0.5655098120006384]
[78, 63, 727, 525, 726, 731, 732, 519, 520, 600, 730, 729, 680, 521, 522, 678, 679, 728, -0.2024169647041021, -0.8013993441503016]
[76, 60, 728, 729, 749, 730, 733, 741, 731, 734, 735, 742, 743, 748, 747, 732, 745, 750, 726, 727, 739, -0.5088749201481273, -0.4158453989972011]
[76, 61, 729, 728, 730, 731, 749, 732, 748, 733, 741, 747, 727, 735, 743, 519, 750, 726, 734, 742, 525, 751, -0.010561757188501608, -0.8580225301726719]
[77, 61, 730, 729, 731, 728, 733, 726, 727, 732, 735, 749, 741, 734, 748, 519, 525, 678, 747, 672, 742, 743, -0.8083401479954416, -0.5973373528207799]
[77, 62, 731, 730, 727, 729, 732, 726, 519, 525, 728, 749, 520, 733, 747, 735, 748, 600, 678, 741, -0.004380957855060874, -0.18143181549517085]
[76, 63, 732, 519, 731, 727, 729, 520, 525, 730, 747, 748, 522, 728, 751, 505, 521, 726, 749, 750, -0.8534900476036282, -0.8985379270830773]
[77, 59, 733, 734, 735, 728, 730, 741, 729, 742, 749, 745, 672, 731, 743, 671, 678, 726, 736, 746, 748, -0.2882231970656084, -0.8792929695540891]
[77, 58, 734, 733, 735, 742, 728, 741, 745, 736, 746, 749, 671, 730, 762, 672, 729, 743, 678, 744, -0.7665901422174353, -0.424574907560905]
[78, 59, 735, 733, 734, 672, 671, 678, 728, 730, 729, 670, 741, 726, 731, 736, 742, 749, 668, 679, 745, -0.8215737266854874, -0.3005780208540203]
[79, 56, 736, 658, 669, 760, 668, 671, 762, 734, 672, 735, 761, 670, 673, 733, -0.6504877546897561, -0.5654293116504664]
[73, 57, 737, 738, 739, 740, 744, 745, 742, 743, 746, 802, 807, 741, 759, 806, 757, 803, 805, 749, 774, 804, -0.7138740219525083, -0.8963935920940299]
[73, 56, 738, 737, 744, 739, 746, 759, 807, 740, 745, 757, 742, 774, 802, 805, 743, 806, 741, 758, 803, -0.9217313335834033, -0.9640502605007871]
[73, 58, 739, 737, 740, 743, 738, 742, 802, 741, 744, 745, 746, 749, 807, 750, 803, 748, 804, 806, 728, 791, 805, -0.40958878122296094, -0.9008783702575771]
[72, 58, 740, 739, 802, 737, 803, 738, 743, 804, 806, 807, 744, 805, 742, 741, 745, 750, 791, 800, 746, 748, 749, 795, -0.4693906070780731, -0.6727681074580834]
[75, 59, 741, 742, 743, 749, 728, 733, 745, 729, 734, 739, 748, 730, 737, 750, 735, 746, 740, 744, 747, 731, 738, -0.49600138604751565, -0.6541198157649817]
[75, 58, 742, 741, 745, 743, 734, 739, 746, 749, 728, 733, 737, 744, 738, 740, 729, 735, 748, 730, 750, 762, -0.5991065850952317, -0.03325896027260056]
[74, 59, 743, 741, 739, 742, 749, 748, 728, 737, 740, 745, 750, 729, 733, 744, 747, 734, 738, 746, 802, 730, 752, 791, -0.12035130816392547, -0.2274947419895631]
[74, 56, 744, 738, 746, 737, 745, 757, 739, 742, 759, 740, 743, 807, 741, 758, 762, 734, 774, 802, -0.6296996398028137, -0.6108846308581148]
[75, 57, 745, 742, 746, 744, 737, 741, 734, 738, 739, 743, 733, 762, 749, 728, 740, 757, 735, 759, -0.21460998505731232, -0.5403435314901218]
[75, 56, 746, 744, 745, 738, 742, 737, 757, 762, 734, 739, 759, 741, 758, 743, 733, 740, -0.7660248610332446, -0.5178330671999046]
[74, 62, 747, 748, 750, 751, 752, 505, 729, 732, 749, 753, 519, 728, 731, 743, 789, 730, 741, 788, 791, -0.5161043146979298, -0.7845595253694081]
[74, 61, 748, 747, 750, 749, 729, 743, 728, 741, 751, 752, 732, 753, 730, 791, 505, 731, 739, 742, 789, 519, 733, 740, 788, -0.323348752461208, -0.5340791263547424]
[75, 60, 749, 728, 741, 729, 743, 748, 742, 730, 733, 747, 750, 731, 734, 739, 745, 732, 735, 737, 740, 751, 752, -0.7200698490115193, -0.597738312397017]
[73, 61, 750, 748, 747, 752, 751, 791, 743, 749, 753, 789, 741, 788, 505, 729, 739, 728, 740, 732, 742, 790, 802, 804, -0.019274129032104015, -0.38825310405274827]
[73, 63, 751, 505, 753, 747, 752, 750, 788, 748, 789, 791, 732, 790, 519, 729, 749, -0.43041353438856456, -0.9084621619845233]
[72, 62, 752, 753, 789, 750, 751, 788, 791, 747, 505, 748, 790, 794, 796, 449, 743, 749, 795, 804, -0.7383113337902346, -0.1533993676246962]
[72, 63, 753, 751, 752, 788, 505, 789, 790, 747, 750, 791, 748, 796, 449, 448, 794, -0.06336368700292627, -0.24032531904950016]
[73, 51, 754, 756, 755, 783, 777, 758, 787, 759, 784, 757, 775, 774, 776, 786, -0.3344075603936659, -0.36300003973385]
[75, 51, 755, 756, 754, 758, 757, 759, 761, -0.6133135726824563, -0.9371651200144874]
[74, 51, 756, 754, 755, 758, 757, 783, 759, 777, 787, -0.867938728295968, -0.5900910319748245]
[74, 54, 757, 759, 758, 744, 738, 746, 756, 774, 737, 745, 754, 755, 762, 777, 807, -0.4666014454680245, -0.40273724429871705]
[75, 53, 758, 757, 755, 756, 759, 754, 762, 746, 761, 744, 738, -0.09659775418589855, -0.6729092660439511]
[73, 54, 759, 757, 738, 774, 744, 758, 746, 777, 807, 737, 754, 756, 776, 745, 755, 775, 783, 805, -0.008402202785800061, -0.5187495365879956]
[79, 54, 760, 658, 761, 736, 762, 657, 669, 668, -0.7258103923879476, -0.8625389622746494]
[78, 53, 761, 760, 762, 658, 758, 657, 736, 755, -0.8528001553239933, -0.7211097601317608]
[77, 55, 762, 736, 746, 760, 761, 745, 758, 658, 734, 744, 757, 742, -0.09950911369922855, -0.8404433797702731]
[78, 48, 763, 764, 655, 711, 712, 687, -0.6013090444253205, -0.7210511206209393]
[79, 48, 764, 763, 655, 711, 687, 686, 712, -0.9430202908970127, -0.364790766188162]
[64, 51, 765, 57, 771, 767, 770, 51, 58, 60, 52, 59, 768, 766, 48, 49, 55, 769, -0.19489733266043419, -0.5460522970131666]
[67, 51, 766, 767, 782, 769, 768, 771, 778, 765, 784, 775, 780, 781, 770, 776, 786, -0.6739048163224758, -0.8215206484035473]
[66, 51, 767, 766, 771, 765, 768, 769, 782, 770, 778, 57, 60, 780, 781, -0.9001242293884429, -0.9591960371744627]
[66, 49, 768, 769, 767, 766, 781, 782, 710, 765, 60, 706, 57, 771, -0.4098645210688413, -0.9038569795410694]
[67, 49, 769, 768, 781, 782, 766, 767, 786, 706, 785, 710, 765, 771, 784, -0.32900673888072907, -0.39430937285162737]
[64, 53, 770, 48, 771, 52, 765, 773, 49, 51, 772, 50, 767, 55, 57, 19, 58, 766, -0.6958615694785247, -0.582969763443543]
[65, 52, 771, 765, 767, 770, 766, 48, 57, 51, 772, 52, 768, 773, 778, 49, 58, 60, 769, 780, 782, -0.4098192846041544, -0.2670715018877947]
[65, 55, 772, 773, 808, 48, 770, 817, 50, 771, 810, 19, 49, 780, 799, 811, 815, 52, 778, 814, -0.9751282923751912, -0.01913681069734363]
[64, 55, 773, 772, 48, 50, 770, 19, 49, 808, 52, 817, 811, 771, 810, 14, 18, 51, 55, 815, -0.8496947412109522, -0.21770485061355116]
[71, 54, 774, 776, 759, 777, 807, 775, 779, 805, 738, 757, 780, 783, 778, 784, 806, 737, 744, 754, 799, -0.1969931837937321, -0.06732785013696585]
[70, 52, 775, 776, 777, 784, 783, 774, 778, 780, 782, 786, 754, 766, 779, 787, 759, -0.5958469134584932, -0.702204334991594]
[70, 53, 776, 775, 774, 777, 778, 784, 779, 780, 783, 805, 759, 807, 754, 766, 782, 799, -0.905706074570855, -0.17157383662425452]
[71, 52, 777, 775, 783, 776, 784, 774, 754, 759, 787, 756, 778, 786, 757, 779, 780, 782, -0.1893474395100313, -0.04115805954533325]
[68, 53, 778, 780, 776, 766, 775, 779, 767, 784, 782, 799, 771, 774, 777, 772, 783, 805, -0.5565749276049239, -0.06174600033384714]
[69, 55, 779, 780, 799, 805, 774, 776, 778, 806, 807, 775, 803, 777, 802, 814, 817, -0.8875457577673926, -0.5644945624652182]
[68, 54, 780, 778, 779, 799, 776, 775, 805, 774, 766, 772, 767, 771, 777, 784, 806, 807, 817, -0.6772424121560678, -0.101497472452451]
[68, 48, 781, 769, 782, 785, 768, 786, 706, 696, 766, 787, 694, 767, 784, -0.2650558354688709, -0.8437697909570429]
[68, 50, 782, 766, 769, 781, 767, 768, 784, 786, 775, 785, 778, 783, 787, 771, 776, 777, -0.5639624189105468, -0.3799291725907715]
[71, 51, 783, 777, 784, 775, 754, 787, 776, 786, 756, 774, 782, 785, 759, 778, -0.02780174992705753, -0.06513753854427251]
[70, 51, 784, 775, 783, 777, 776, 786, 782, 787, 778, 754, 766, 785, 774, 769, 780, 781, -0.10245107459804015, -0.24526658605776408]
[70, 48, 785, 786, 787, 781, 721, 720, 782, 694, 784, 695, 696, 718, 769, 783, 719, -0.4589222298333381, -0.5459793157051024]
[70, 49, 786, 785, 787, 784, 781, 782, 783, 721, 769, 775, 777, 718, 720, 754, 766, -0.44029365723322167, -0.69252949263412]
[71, 49, 787, 786, 785, 783, 721, 784, 718, 754, 777, 720, 775, 781, 782, 719, 756, -0.23087029754536204, -0.5252167352759924]
[71, 63, 788, 753, 789, 790, 752, 751, 791, 796, 449, 505, 448, 750, 794, 798, 747, 797, 451, 748, 793, 795, -0.800151665497225, -0.16052568012419477]
[71, 62, 789, 752, 788, 791, 753, 790, 750, 751, 794, 796, 449, 505, 795, 747, 797, 748, 793, 798, 804, 448, 792, 800, -0.8854464442843439, -0.7711348963234427]
[70, 63, 790, 788, 796, 449, 789, 753, 798, 448, 752, 791, 794, 797, 793, 751, 818, 451, 505, 795, 428, 750, 792, -0.5808238252510592, -0.36426873302974383]
[71, 61, 791, 789, 752, 750, 788, 794, 753, 790, 795, 804, 751, 796, 800, 748, 793, 802, 740, 747, 792, 797, 803, 449, 505, 739, 743, 798, 801, -0.8040200036219897, -0.27488106009114066]
[68, 60, 792, 793, 795, 801, 794, 800, 813, 797, 804, 814, 816, 820, 803, 815, 819, 798, 791, 796, 809, 818, 789, 790, 802, 806, 810, 817, -0.20405840026791344, -0.16956899577430296]
[68, 61, 793, 792, 794, 797, 795, 798, 801, 820, 796, 800, 813, 818, 819, 790, 804, 816, 791, 449, 789, 814, 788, 803, 809, 815, -0.1913584136794363, -0.2995655764579267]
[69, 61, 794, 793, 795, 792, 797, 791, 796, 800, 789, 790, 798, 801, 804, 788, 813, 818, 449, 820, 752, 803, 819, 753, 802, 814, 816, -0.8158479762134861, -0.709888276314137]
[69, 60, 795, 792, 794, 800, 793, 801, 804, 791, 797, 803, 813, 789, 802, 814, 796, 790, 798, 806, 816, 820, 740, 752, 788, 815, 818, 819, -0.5133590070630566, -0.9511471528082672]
[69, 63, 796, 449, 790, 798, 797, 448, 788, 794, 818, 789, 793, 428, 791, 451, 753, 795, 752, 792, 819, 820, -0.9554684029425747, -0.6330789293401078]
[68, 62, 797, 793, 798, 794, 796, 818, 792, 819, 449, 790, 795, 820, 789, 801, 428, 448, 788, 791, 800, 813, 425, 804, 816, -0.08493305882153313, -0.8478487601318339]
[68, 63, 798, 796, 797, 818, 449, 790, 793, 428, 448, 794, 819, 820, 788, 792, 425, 451, 789, 795, 424, 427, 791, -0.5155908932571542, -0.4025720144178456]
[68, 56, 799, 779, 780, 805, 806, 814, 817, 803, 815, 778, 801, 807, 772, 800, 808, 813, 774, 776, 802, 804, 810, 816, -0.3954782467450447, -0.27350420600454606]
[69, 59, 800, 795, 801, 804, 792, 803, 794, 813, 793, 802, 806, 814, 791, 816, 740, 797, 799, 805, 815, 789, 807, 817, 820, -0.3495295329742685, -0.3177985234694619]
[68, 59, 801, 792, 800, 813, 795, 814, 793, 804, 816, 794, 803, 815, 806, 817, 820, 797, 799, 809, 802, 810, 791, 805, 808, 819, -0.04521517700845157, -0.3208992866402126]
[71, 58, 802, 740, 803, 804, 806, 739, 807, 737, 800, 805, 738, 795, 791, 743, 801, 744, 750, 779, 792, 794, 799, -0.47795214747440795, -0.08506456415989172]
[70, 58, 803, 802, 804, 806, 800, 740, 805, 795, 801, 807, 792, 799, 739, 814, 737, 779, 791, 794, 813, 738, 793, -0.749348746538718, -0.6419803457123376]
[70, 59, 804, 800, 803, 795, 802, 801, 806, 740, 791, 792, 794, 793, 805, 813, 739, 789, 807, 814, 737, 750, 752, 797, 799, -0.5254229838027736, -0.7028775123053688]
[70, 56, 805, 806, 807, 779, 799, 803, 774, 802, 740, 780, 738, 776, 804, 737, 800, 739, 759, 778, 801, 814, -0.15465938035687465, -0.8340353580550197]
[70, 57, 806, 803, 805, 802, 807, 804, 740, 779, 799, 800, 801, 737, 738, 739, 774, 795, 814, 780, 792, 813, -0.4357497577061149, -0.7492831683879928]
[71, 56, 807, 805, 806, 738, 774, 802, 737, 740, 779, 803, 739, 759, 744, 799, 776, 804, 757, 780, 800, -0.1905634924540005, -0.025047218524409387]
[65, 57, 808, 810, 817, 811, 815, 772, 809, 773, 812, 814, 816, 17, 813, 18, 19, 799, 9, 48, 50, 801, -0.817888994374642, -0.36093243407700726]
[65, 59, 809, 810, 812, 816, 811, 815, 17, 808, 813, 9, 814, 817, 820, 801, 18, 792, 819, 821, 7, 793, -0.048173311739459934, -0.5515403420735724]
[65, 58, 810, 808, 809, 811, 815, 812, 816, 817, 814, 17, 813, 9, 18, 772, 773, 801, 820, 19, 792, 799, -0.8728905992455028, -0.9398828984603742]
[64, 58, 811, 810, 812, 17, 808, 809, 18, 815, 9, 816, 817, 19, 773, 814, 14, 15, 772, 813, 50, 820, -0.6794262357891501, -0.11614792774862814]
[64, 59, 812, 17, 809, 811, 9, 810, 816, 18, 808, 815, 817, 820, 15, 813, 821, 7, 814, 12, 14, 19, 819, -0.3112512998266608, -0.30120937891010235]
[67, 59, 813, 801, 814, 816, 792, 815, 800, 809, 793, 795, 810, 817, 820, 794, 808, 804, 812, 797, 799, 803, 811, 819, 806, -0.08861150963759623, -0.15491866048198422]
[67, 58, 814, 813, 815, 801, 816, 817, 810, 792, 799, 800, 808, 809, 795, 803, 811, 793, 804, 806, 812, 820, 772, 779, 794, 805, -0.5883385157968413, -0.9930975251314559]
[66, 58, 815, 810, 814, 816, 817, 808, 809, 813, 811, 801, 812, 792, 799, 820, 17, 772, 800, 9, 773, 793, 795, -0.09176375843512119, -0.6471215610916122]
[66, 59, 816, 809, 813, 815, 810, 814, 801, 812, 817, 820, 792, 808, 811, 793, 17, 800, 819, 9, 795, 794, 797, 799, 821, -0.5846131576606417, -0.35170312690913064]
[66, 57, 817, 808, 815, 810, 814, 816, 772, 799, 809, 811, 813, 773, 801, 812, 17, 779, 780, 792, 800, -0.34150597108992853, -0.20824185218458413]
[67, 63, 818, 798, 797, 819, 428, 796, 425, 449, 793, 820, 424, 448, 794, 790, 427, 792, 821, 423, 451, 795, -0.9224116846193193, -0.9674812111909135]
[66, 62, 819, 820, 818, 797, 821, 425, 793, 798, 792, 7, 816, 6, 424, 428, 794, 796, 809, 813, 9, 423, 449, 795, 801, 812, -0.6262064871721589, -0.13090555806575643]
[66, 61, 820, 819, 793, 816, 792, 797, 809, 813, 818, 821, 798, 801, 812, 794, 815, 7, 9, 425, 795, 810, 814, 6, 17, 796, 800, 811, -0.11071091989599169, -0.038139334845408546]
[64, 62, 821, 7, 6, 819, 8, 9, 425, 820, 408, 423, 812, 12, 17, 424, 809, 818, 404, 816, -0.9320573987543719, -0.5706638373439565]
[118, 32, 822, -0.3247113504022823, -0.03436951342884087]
[97, 42, 823, -0.8709830469369167, -0.12023554411140491]
[100, 49, 824, -0.4636332800937051, -0.05379105112825955]
[98, 58, 825, -0.20650495871444108, -0.6446784934569076]
2.574289560317993