256
[0, 0, 0, 1, 3, 2, 6, 12, 5, 13, 10, -0.7603198889974199, -0.09762912502073129]
[0, 1, 1, 0, 2, 6, 3, 5, 7, 13, 4, 10, 12, 11, -0.19238572358146677, -0.5288658721449506]
[1, 1, 2, 1, 3, 5, 13, 0, 6, 10, 12, 4, 14, 7, 9, 11, 15, 8, -0.44487311171510424, -0.06287693598107658]
[1, 0, 3, 0, 2, 12, 1, 13, 5, 15, 6, 10, 14, 9, -0.05262111800888436, -0.3565481263107404]
[1, 3, 4, 5, 7, 11, 27, 6, 10, 20, 24, 2, 8, 26, 1, 9, 13, 21, 23, 25, 14, 22, -0.6563767637533665, -0.20282974136163245]
[1, 2, 5, 2, 4, 6, 10, 1, 7, 11, 13, 3, 9, 27, 0, 8, 12, 14, 20, 24, 15, 23, -0.4211018743795877, -0.9001384567790438]
[0, 2, 6, 1, 5, 7, 2, 4, 0, 10, 24, 3, 11, 13, 27, 12, 20, -0.42774866223308916, -0.42196542475000154]
[0, 3, 7, 4, 6, 24, 5, 27, 1, 11, 25, 2, 10, 20, 26, 13, 21, -0.683988239846431, -0.31326947975741803]
[3, 3, 8, 9, 11, 23, 55, 10, 20, 40, 54, 4, 14, 22, 52, 5, 13, 21, 27, 41, 43, 49, 53, 2, 26, 42, 50, -0.47756461983585974, -0.6470442483630842]
[3, 2, 9, 8, 10, 14, 54, 11, 13, 49, 55, 5, 15, 23, 53, 2, 4, 12, 20, 40, 48, 50, 52, 3, 27, 43, 51, -0.9803202390641327, -0.15079393817206632]
[2, 2, 10, 5, 9, 11, 13, 2, 4, 8, 14, 6, 12, 20, 54, 1, 3, 7, 15, 23, 27, 49, 55, 0, 24, 40, 48, -0.8488351453232368, -0.7592738544127822]
[2, 3, 11, 4, 8, 10, 20, 5, 9, 23, 27, 7, 13, 21, 55, 2, 6, 14, 22, 24, 26, 40, 54, 1, 25, 41, 49, -0.9076597430104908, -0.9315710532796337]
[2, 0, 12, 3, 13, 15, 2, 14, 0, 10, 48, 1, 5, 9, 49, 6, 54, -0.9361110753768322, -0.035457958022336866]
[2, 1, 13, 2, 10, 12, 14, 3, 5, 9, 15, 1, 11, 49, 0, 4, 6, 8, 48, 54, 7, 55, -0.85221263788587, -0.8989991227135045]
[3, 1, 14, 9, 13, 15, 49, 10, 12, 48, 54, 2, 8, 50, 3, 5, 11, 51, 53, 55, 4, 52, -0.5303244583734981, -0.07469670793391492]
[3, 0, 15, 12, 14, 48, 13, 49, 3, 9, 51, 2, 10, 50, 54, 5, 53, -0.964195484031906, -0.9988559866790728]
[3, 7, 16, 17, 19, 47, 111, 18, 46, 80, 108, 22, 28, 44, 110, 21, 29, 41, 45, 81, 83, 99, 109, 26, 42, 82, 98, -0.7209480714114018, -0.09645936576260161]
[3, 6, 17, 16, 18, 22, 46, 19, 21, 41, 47, 23, 29, 45, 111, 20, 26, 28, 40, 42, 44, 80, 108, 27, 43, 83, 99, -0.18026171971495109, -0.3521977684999079]
[2, 6, 18, 17, 19, 21, 29, 16, 22, 26, 28, 20, 30, 46, 108, 23, 25, 27, 31, 41, 47, 99, 111, 24, 40, 80, 96, -0.9221077486191432, -0.01299239031453081]
[2, 7, 19, 16, 18, 28, 108, 17, 29, 99, 111, 21, 31, 47, 109, 22, 26, 30, 46, 80, 96, 98, 110, 25, 41, 81, 97, -0.2477482776273312, -0.7843258156163202]
[2, 4, 20, 11, 21, 23, 27, 4, 8, 22, 26, 10, 18, 24, 40, 5, 7, 9, 17, 25, 29, 41, 55, 6, 30, 46, 54, -0.617010709597993, -0.1214951418424659]
[2, 5, 21, 18, 20, 22, 26, 17, 23, 27, 29, 11, 19, 25, 41, 4, 8, 16, 24, 28, 30, 40, 46, 7, 31, 47, 55, -0.6930702036105084, -0.7912400139470981]
[3, 5, 22, 17, 21, 23, 41, 18, 20, 40, 46, 8, 16, 26, 42, 11, 19, 27, 29, 43, 45, 47, 55, 4, 28, 44, 52, -0.39408463058407406, -0.27248040058363276]
[3, 4, 23, 8, 20, 22, 40, 11, 21, 41, 55, 9, 17, 27, 43, 4, 10, 18, 26, 42, 46, 52, 54, 5, 29, 45, 53, -0.1413629667144427, -0.9567523170121408]
[0, 4, 24, 7, 25, 27, 4, 26, 6, 20, 30, 5, 11, 21, 29, 10, 18, -0.724351694510927, -0.837691906594194]
[0, 5, 25, 24, 26, 30, 27, 29, 7, 21, 31, 4, 18, 20, 28, 11, 19, -0.40277518602078377, -0.7218016080406091]
[1, 5, 26, 21, 25, 27, 29, 18, 20, 24, 30, 4, 22, 28, 7, 11, 17, 19, 23, 31, 8, 16, -0.7672366984528519, -0.48138864385770164]
[1, 4, 27, 4, 20, 24, 26, 7, 11, 21, 25, 5, 23, 29, 6, 8, 10, 18, 22, 30, 9, 17, -0.6878986089432474, -0.12442078937444678]
[1, 7, 28, 19, 29, 31, 99, 18, 30, 96, 108, 16, 26, 98, 17, 21, 25, 97, 109, 111, 22, 110, -0.498080322727396, -0.7448433417303746]
[1, 6, 29, 18, 26, 28, 30, 19, 21, 25, 31, 17, 27, 99, 16, 20, 22, 24, 96, 108, 23, 111, -0.09403060707120614, -0.11693823724335817]
[0, 6, 30, 25, 29, 31, 26, 28, 18, 24, 96, 19, 21, 27, 99, 20, 108, -0.45180758532711685, -0.8270568889003312]
[0, 7, 31, 28, 30, 96, 29, 99, 19, 25, 97, 18, 26, 98, 108, 21, 109, -0.48124558164164544, -0.27608378868931294]
[7, 7, 32, 33, 35, 95, 223, 34, 92, 160, 222, 38, 44, 94, 220, 37, 45, 83, 93, 161, 163, 217, 221, 42, 82, 162, 218, -0.4924463228419236, -0.7371991104666243]
[7, 6, 33, 32, 34, 38, 222, 35, 37, 217, 223, 39, 45, 95, 221, 36, 42, 44, 92, 160, 216, 218, 220, 43, 83, 163, 219, -0.9356740195435701, -0.4428070582793877]
[6, 6, 34, 33, 35, 37, 45, 32, 38, 42, 44, 36, 46, 92, 222, 39, 41, 43, 47, 83, 95, 217, 223, 40, 80, 160, 216, -0.17056183005674808, -0.899114781330371]
[6, 7, 35, 32, 34, 44, 92, 33, 45, 83, 95, 37, 47, 93, 223, 38, 42, 46, 80, 82, 94, 160, 222, 41, 81, 161, 217, -0.6585172969854071, -0.5756326147066269]
[6, 4, 36, 37, 39, 43, 59, 38, 42, 52, 56, 34, 40, 58, 216, 33, 41, 45, 53, 55, 57, 199, 217, 46, 54, 198, 222, -0.13669068343816515, -0.9391841029147675]
[6, 5, 37, 34, 36, 38, 42, 33, 39, 43, 45, 35, 41, 59, 217, 32, 40, 44, 46, 52, 56, 216, 222, 47, 55, 199, 223, -0.3776329543442446, -0.005235777235999661]
[7, 5, 38, 33, 37, 39, 217, 34, 36, 216, 222, 32, 42, 56, 218, 35, 43, 45, 59, 199, 219, 221, 223, 44, 52, 196, 220, -0.8327787962375928, -0.4297458401479468]
[7, 4, 39, 36, 38, 56, 216, 37, 59, 199, 217, 33, 43, 57, 219, 34, 42, 52, 58, 196, 198, 218, 222, 45, 53, 197, 221, -0.3855999725231408, -0.1799188812252398]
[4, 4, 40, 23, 41, 43, 55, 8, 22, 42, 52, 20, 36, 46, 54, 9, 11, 17, 21, 37, 45, 53, 59, 10, 18, 34, 58, -0.9072958023242174, -0.8871382936021682]
[4, 5, 41, 22, 40, 42, 46, 17, 23, 43, 45, 21, 37, 47, 55, 8, 16, 18, 20, 34, 36, 44, 52, 11, 19, 35, 59, -0.08237150056841891, -0.850559547165468]
[5, 5, 42, 37, 41, 43, 45, 34, 36, 40, 46, 22, 38, 44, 52, 17, 23, 33, 35, 39, 47, 55, 59, 8, 16, 32, 56, -0.05522397551899938, -0.7374982788263372]
[5, 4, 43, 36, 40, 42, 52, 37, 41, 55, 59, 23, 39, 45, 53, 8, 22, 34, 38, 46, 54, 56, 58, 9, 17, 33, 57, -0.9162828764094201, -0.519975491602091]
[5, 7, 44, 35, 45, 47, 83, 34, 46, 80, 92, 16, 32, 42, 82, 17, 33, 37, 41, 81, 93, 95, 111, 22, 38, 94, 110, -0.0056450209573691845, -0.6313019312541598]
[5, 6, 45, 34, 42, 44, 46, 35, 37, 41, 47, 17, 33, 43, 83, 16, 22, 32, 36, 38, 40, 80, 92, 23, 39, 95, 111, -0.9648107240664541, -0.9352291736188831]
[4, 6, 46, 17, 41, 45, 47, 16, 22, 42, 44, 18, 34, 40, 80, 19, 21, 23, 35, 37, 43, 83, 111, 20, 36, 92, 108, -0.8121530264087126, -0.8241798872542178]
[4, 7, 47, 16, 44, 46, 80, 17, 45, 83, 111, 19, 35, 41, 81, 18, 22, 34, 42, 82, 92, 108, 110, 21, 37, 93, 109, -0.9376489312855258, -0.044817771421497454]
[4, 0, 48, 15, 49, 51, 14, 50, 12, 54, 60, 9, 13, 53, 61, 10, 58, -0.3536305203526803, -0.39482845934144994]
[4, 1, 49, 14, 48, 50, 54, 9, 15, 51, 53, 13, 55, 61, 8, 10, 12, 52, 58, 60, 11, 59, -0.1359375780136033, -0.4536995735990782]
[5, 1, 50, 49, 51, 53, 61, 48, 54, 58, 60, 14, 52, 62, 9, 15, 55, 57, 59, 63, 8, 56, -0.22365941374471843, -0.9039956789919231]
[5, 0, 51, 48, 50, 60, 49, 61, 15, 53, 63, 14, 54, 58, 62, 9, 57, -0.3866702371054458, -0.40342724635413574]
[5, 3, 52, 43, 53, 55, 59, 36, 40, 54, 58, 8, 42, 50, 56, 9, 23, 37, 39, 41, 49, 57, 61, 14, 22, 38, 62, -0.5114399328298135, -0.24205005884972008]
[5, 2, 53, 50, 52, 54, 58, 49, 55, 59, 61, 9, 43, 51, 57, 8, 14, 36, 40, 48, 56, 60, 62, 15, 23, 39, 63, -0.20222576414677285, -0.41102877336272414]
[4, 2, 54, 9, 49, 53, 55, 8, 14, 50, 52, 10, 40, 48, 58, 11, 13, 15, 23, 43, 51, 59, 61, 12, 20, 36, 60, -0.5903463834818844, -0.922672360951369]
[4, 3, 55, 8, 40, 52, 54, 9, 23, 43, 53, 11, 41, 49, 59, 10, 14, 20, 22, 36, 42, 50, 58, 13, 21, 37, 61, -0.08341758268499844, -0.2953346041843895]
[7, 3, 56, 39, 57, 59, 199, 36, 58, 198, 216, 38, 52, 62, 196, 37, 43, 53, 61, 193, 197, 217, 219, 42, 50, 194, 218, -0.07029329168549281, -0.7151712872684298]
[7, 2, 57, 56, 58, 62, 198, 59, 61, 193, 199, 39, 53, 63, 197, 36, 50, 52, 60, 192, 194, 196, 216, 43, 51, 195, 219, -0.8343527568453304, -0.46948586053527275]
[6, 2, 58, 53, 57, 59, 61, 50, 52, 56, 62, 36, 54, 60, 198, 39, 43, 49, 51, 55, 63, 193, 199, 40, 48, 192, 216, -0.289760435751938, -0.12375671811151256]
[6, 3, 59, 36, 52, 56, 58, 39, 43, 53, 57, 37, 55, 61, 199, 38, 40, 42, 50, 54, 62, 198, 216, 41, 49, 193, 217, -0.017627286827060717, -0.09719160693605666]
[6, 0, 60, 51, 61, 63, 50, 62, 48, 58, 192, 49, 53, 57, 193, 54, 198, -0.2998975179535328, -0.24472694029254705]
[6, 1, 61, 50, 58, 60, 62, 51, 53, 57, 63, 49, 59, 193, 48, 52, 54, 56, 192, 198, 55, 199, -0.6290787791555045, -0.37745413953329776]
[7, 1, 62, 57, 61, 63, 193, 58, 60, 192, 198, 50, 56, 194, 51, 53, 59, 195, 197, 199, 52, 196, -0.8482955160040055, -0.09703517958268681]
[7, 0, 63, 60, 62, 192, 61, 193, 51, 57, 195, 50, 58, 194, 198, 53, 197, -0.6820487464486682, -0.8441562474576556]
[7, 15, 64, 65, 67, 191, 66, 190, 70, 76, 188, 69, 77, 185, 189, 74, 186, -0.4932297366110986, -0.2868730479631091]
[7, 14, 65, 64, 66, 70, 190, 67, 69, 185, 191, 71, 77, 189, 68, 74, 76, 184, 186, 188, 75, 187, -0.07268867838127435, -0.4854612274106225]
[6, 14, 66, 65, 67, 69, 77, 64, 70, 74, 76, 68, 78, 190, 71, 73, 75, 79, 185, 191, 72, 184, -0.558025686909173, -0.2680943313973093]
[6, 15, 67, 64, 66, 76, 65, 77, 69, 79, 191, 70, 74, 78, 190, 73, 185, -0.20233650889969257, -0.01476694481962515]
[6, 12, 68, 69, 71, 75, 91, 70, 74, 84, 88, 66, 72, 90, 184, 65, 73, 77, 85, 87, 89, 167, 185, 78, 86, 166, 190, -0.47412854145980665, -0.6277050431398215]
[6, 13, 69, 66, 68, 70, 74, 65, 71, 75, 77, 67, 73, 91, 185, 64, 72, 76, 78, 84, 88, 184, 190, 79, 87, 167, 191, -0.5753207400748198, -0.40282535021707666]
[7, 13, 70, 65, 69, 71, 185, 66, 68, 184, 190, 64, 74, 88, 186, 67, 75, 77, 91, 167, 187, 189, 191, 76, 84, 164, 188, -0.9227544449511766, -0.7111656226836037]
[7, 12, 71, 68, 70, 88, 184, 69, 91, 167, 185, 65, 75, 89, 187, 66, 74, 84, 90, 164, 166, 186, 190, 77, 85, 165, 189, -0.8917181729684021, -0.505748373322097]
[4, 12, 72, 73, 75, 87, 119, 74, 84, 104, 118, 68, 78, 86, 116, 69, 77, 85, 91, 105, 107, 113, 117, 66, 90, 106, 114, -0.6706502571422799, -0.7918334643405102]
[4, 13, 73, 72, 74, 78, 118, 75, 77, 113, 119, 69, 79, 87, 117, 66, 68, 76, 84, 104, 112, 114, 116, 67, 91, 107, 115, -0.6881273745821227, -0.37516068341089714]
[5, 13, 74, 69, 73, 75, 77, 66, 68, 72, 78, 70, 76, 84, 118, 65, 67, 71, 79, 87, 91, 113, 119, 64, 88, 104, 112, -0.004253465534777456, -0.378694600787407]
[5, 12, 75, 68, 72, 74, 84, 69, 73, 87, 91, 71, 77, 85, 119, 66, 70, 78, 86, 88, 90, 104, 118, 65, 89, 105, 113, -0.23176241378124451, -0.48902976480883864]
[5, 15, 76, 67, 77, 79, 66, 78, 64, 74, 112, 65, 69, 73, 113, 70, 118, -0.676305982192112, -0.21352722346786757]
[5, 14, 77, 66, 74, 76, 78, 67, 69, 73, 79, 65, 75, 113, 64, 68, 70, 72, 112, 118, 71, 119, -0.9897744125570275, -0.11284085019675172]
[4, 14, 78, 73, 77, 79, 113, 74, 76, 112, 118, 66, 72, 114, 67, 69, 75, 115, 117, 119, 68, 116, -0.9174497065274143, -0.25182184446379896]
[4, 15, 79, 76, 78, 112, 77, 113, 67, 73, 115, 66, 74, 114, 118, 69, 117, -0.39707332376212634, -0.37071858714394923]
[4, 8, 80, 47, 81, 83, 111, 16, 44, 82, 110, 46, 86, 92, 108, 17, 19, 35, 45, 85, 93, 105, 109, 18, 34, 90, 106, -0.6336514224978812, -0.22274979496689817]
[4, 9, 81, 80, 82, 86, 110, 83, 85, 105, 111, 47, 87, 93, 109, 16, 44, 84, 90, 92, 104, 106, 108, 19, 35, 91, 107, -0.5743069069376068, -0.9658696830822603]
[5, 9, 82, 81, 83, 85, 93, 80, 86, 90, 92, 44, 84, 94, 110, 35, 47, 87, 89, 91, 95, 105, 111, 16, 32, 88, 104, -0.7105127274296124, -0.5752333595595951]
[5, 8, 83, 44, 80, 82, 92, 35, 47, 81, 93, 45, 85, 95, 111, 16, 32, 34, 46, 86, 90, 94, 110, 17, 33, 89, 105, -0.7215464971519754, -0.4519295949301384]
[5, 11, 84, 75, 85, 87, 91, 68, 72, 86, 90, 74, 82, 88, 104, 69, 71, 73, 81, 89, 93, 105, 119, 70, 94, 110, 118, -0.5869447314024873, -0.9568280832322342]
[5, 10, 85, 82, 84, 86, 90, 81, 87, 91, 93, 75, 83, 89, 105, 68, 72, 80, 88, 92, 94, 104, 110, 71, 95, 111, 119, -0.10805404272553376, -0.5071311185546935]
[4, 10, 86, 81, 85, 87, 105, 82, 84, 104, 110, 72, 80, 90, 106, 75, 83, 91, 93, 107, 109, 111, 119, 68, 92, 108, 116, -0.518762741732388, -0.8698155060672743]
[4, 11, 87, 72, 84, 86, 104, 75, 85, 105, 119, 73, 81, 91, 107, 68, 74, 82, 90, 106, 110, 116, 118, 69, 93, 109, 117, -0.562253694913216, -0.7317018668946897]
[7, 11, 88, 71, 89, 91, 167, 68, 90, 166, 184, 70, 84, 94, 164, 69, 75, 85, 93, 161, 165, 185, 187, 74, 82, 162, 186, -0.2415382489864406, -0.1722980161356552]
[7, 10, 89, 88, 90, 94, 166, 91, 93, 161, 167, 71, 85, 95, 165, 68, 82, 84, 92, 160, 162, 164, 184, 75, 83, 163, 187, -0.018523998581799206, -0.6944500736627974]
[6, 10, 90, 85, 89, 91, 93, 82, 84, 88, 94, 68, 86, 92, 166, 71, 75, 81, 83, 87, 95, 161, 167, 72, 80, 160, 184, -0.36187278377282706, -0.07255671688488896]
[6, 11, 91, 68, 84, 88, 90, 71, 75, 85, 89, 69, 87, 93, 167, 70, 72, 74, 82, 86, 94, 166, 184, 73, 81, 161, 185, -0.9239511629227625, -0.5327339581728167]
[6, 8, 92, 35, 83, 93, 95, 32, 44, 82, 94, 34, 80, 90, 160, 33, 45, 47, 81, 85, 89, 161, 223, 46, 86, 166, 222, -0.050200589912291926, -0.5790163358323895]
[6, 9, 93, 82, 90, 92, 94, 83, 85, 89, 95, 35, 81, 91, 161, 32, 44, 80, 84, 86, 88, 160, 166, 47, 87, 167, 223, -0.9213791799561368, -0.786903141299805]
[7, 9, 94, 89, 93, 95, 161, 90, 92, 160, 166, 32, 82, 88, 162, 35, 83, 85, 91, 163, 165, 167, 223, 44, 84, 164, 220, -0.09126238624670524, -0.11469842127797247]
[7, 8, 95, 32, 92, 94, 160, 35, 93, 161, 223, 33, 83, 89, 163, 34, 44, 82, 90, 162, 166, 220, 222, 45, 85, 165, 221, -0.9222719449944263, -0.49561196783766104]
[0, 8, 96, 31, 97, 99, 28, 98, 30, 102, 108, 19, 29, 101, 109, 18, 106, -0.8694557626428085, -0.18605173379798934]
[0, 9, 97, 96, 98, 102, 99, 101, 31, 103, 109, 28, 100, 106, 108, 19, 107, -0.2093972732112669, -0.14700973525304528]
[1, 9, 98, 97, 99, 101, 109, 96, 102, 106, 108, 28, 100, 110, 19, 31, 103, 105, 107, 111, 16, 104, -0.11514009541294179, -0.1563344436512788]
[1, 8, 99, 28, 96, 98, 108, 19, 31, 97, 109, 29, 101, 111, 16, 18, 30, 102, 106, 110, 17, 105, -0.5374052429901452, -0.33231764028160926]
[1, 11, 100, 101, 103, 107, 123, 102, 106, 116, 120, 98, 104, 122, 97, 105, 109, 117, 119, 121, 110, 118, -0.3364244179578957, -0.3510112500107011]
[1, 10, 101, 98, 100, 102, 106, 97, 103, 107, 109, 99, 105, 123, 96, 104, 108, 110, 116, 120, 111, 119, -0.5018492729005772, -0.7270355460540261]
[0, 10, 102, 97, 101, 103, 98, 100, 96, 106, 120, 99, 107, 109, 123, 108, 116, -0.5009695441959738, -0.5812155836450675]
[0, 11, 103, 100, 102, 120, 101, 123, 97, 107, 121, 98, 106, 116, 122, 109, 117, -0.6593690893618396, -0.896235608092885]
[3, 11, 104, 87, 105, 107, 119, 72, 86, 106, 116, 84, 100, 110, 118, 73, 75, 81, 85, 101, 109, 117, 123, 74, 82, 98, 122, -0.2907203106642623, -0.7299747665950919]
[3, 10, 105, 86, 104, 106, 110, 81, 87, 107, 109, 85, 101, 111, 119, 72, 80, 82, 84, 98, 100, 108, 116, 75, 83, 99, 123, -0.5811528657941089, -0.5838866023544559]
[2, 10, 106, 101, 105, 107, 109, 98, 100, 104, 110, 86, 102, 108, 116, 81, 87, 97, 99, 103, 111, 119, 123, 72, 80, 96, 120, -0.16936341596459936, -0.9808783656312577]
[2, 11, 107, 100, 104, 106, 116, 101, 105, 119, 123, 87, 103, 109, 117, 72, 86, 98, 102, 110, 118, 120, 122, 73, 81, 97, 121, -0.14389678531880234, -0.37091371812482266]
[2, 8, 108, 19, 99, 109, 111, 16, 28, 98, 110, 18, 80, 96, 106, 17, 29, 31, 47, 81, 97, 101, 105, 30, 46, 86, 102, -0.29997139357000924, -0.26178052445114786]
[2, 9, 109, 98, 106, 108, 110, 99, 101, 105, 111, 19, 81, 97, 107, 16, 28, 80, 86, 96, 100, 102, 104, 31, 47, 87, 103, -0.2954903400364114, -0.6166560226685839]
[3, 9, 110, 81, 105, 109, 111, 80, 86, 106, 108, 16, 82, 98, 104, 19, 47, 83, 85, 87, 99, 101, 107, 28, 44, 84, 100, -0.5866746737494342, -0.6214135209967233]
[3, 8, 111, 16, 80, 108, 110, 19, 47, 81, 109, 17, 83, 99, 105, 18, 28, 44, 46, 82, 86, 98, 106, 29, 45, 85, 101, -0.8412137329881146, -0.3734549839731428]
[3, 15, 112, 79, 113, 115, 78, 114, 76, 118, 124, 73, 77, 117, 125, 74, 122, -0.3850792762960076, -0.2521453822370985]
[3, 14, 113, 78, 112, 114, 118, 73, 79, 115, 117, 77, 119, 125, 72, 74, 76, 116, 122, 124, 75, 123, -0.7361708050865566, -0.9477799829549505]
[2, 14, 114, 113, 115, 117, 125, 112, 118, 122, 124, 78, 116, 126, 73, 79, 119, 121, 123, 127, 72, 120, -0.8482806334114785, -0.2946961248678207]
[2, 15, 115, 112, 114, 124, 113, 125, 79, 117, 127, 78, 118, 122, 126, 73, 121, -0.846969067091639, -0.5453561155689378]
[2, 12, 116, 107, 117, 119, 123, 100, 104, 118, 122, 72, 106, 114, 120, 73, 87, 101, 103, 105, 113, 121, 125, 78, 86, 102, 126, -0.24642252982005475, -0.7220676327125292]
[2, 13, 117, 114, 116, 118, 122, 113, 119, 123, 125, 73, 107, 115, 121, 72, 78, 100, 104, 112, 120, 124, 126, 79, 87, 103, 127, -0.7032858080283972, -0.4716877416509646]
[3, 13, 118, 73, 113, 117, 119, 72, 78, 114, 116, 74, 104, 112, 122, 75, 77, 79, 87, 107, 115, 123, 125, 76, 84, 100, 124, -0.7985545874000292, -0.40164950688801704]
[3, 12, 119, 72, 104, 116, 118, 73, 87, 107, 117, 75, 105, 113, 123, 74, 78, 84, 86, 100, 106, 114, 122, 77, 85, 101, 125, -0.9006383139210972, -0.1754417412122532]
[0, 12, 120, 103, 121, 123, 100, 122, 102, 116, 126, 101, 107, 117, 125, 106, 114, -0.278779016678518, -0.053829891343219805]
[0, 13, 121, 120, 122, 126, 123, 125, 103, 117, 127, 100, 114, 116, 124, 107, 115, -0.5527744360047582, -0.6150959251131195]
[1, 13, 122, 117, 121, 123, 125, 114, 116, 120, 126, 100, 118, 124, 103, 107, 113, 115, 119, 127, 104, 112, -0.8070636547183612, -0.35165028906397733]
[1, 12, 123, 100, 116, 120, 122, 103, 107, 117, 121, 101, 119, 125, 102, 104, 106, 114, 118, 126, 105, 113, -0.4364229161630053, -0.07238815694532685]
[1, 15, 124, 115, 125, 127, 114, 126, 112, 122, 113, 117, 121, 118, -0.23887469307045572, -0.4723073337807717]
[1, 14, 125, 114, 122, 124, 126, 115, 117, 121, 127, 113, 123, 112, 116, 118, 120, 119, -0.2183601991183587, -0.9853066557738458]
[0, 14, 126, 121, 125, 127, 122, 124, 114, 120, 115, 117, 123, 116, -0.035190999378352794, -0.5038096763859338]
[0, 15, 127, 124, 126, 125, 115, 121, 114, 122, 117, -0.9548092672377874, -0.04869759192597711]
[15, 15, 128, 129, 131, 130, 134, 140, 133, 141, 138, -0.3079389906636758, -0.9220712865048294]
[15, 14, 129, 128, 130, 134, 131, 133, 135, 141, 132, 138, 140, 139, -0.8539002178742081, -0.42047097052926385]
[14, 14, 130, 129, 131, 133, 141, 128, 134, 138, 140, 132, 142, 135, 137, 139, 143, 136, -0.24612113382455114, -0.5584955568816895]
[14, 15, 131, 128, 130, 140, 129, 141, 133, 143, 134, 138, 142, 137, -0.5557813622629704, -0.5586572539520869]
[14, 12, 132, 133, 135, 139, 155, 134, 138, 148, 152, 130, 136, 154, 129, 137, 141, 149, 151, 153, 142, 150, -0.34222068068977185, -0.42421338732066527]
[14, 13, 133, 130, 132, 134, 138, 129, 135, 139, 141, 131, 137, 155, 128, 136, 140, 142, 148, 152, 143, 151, -0.6279798672831671, -0.7312372483013607]
[15, 13, 134, 129, 133, 135, 130, 132, 128, 138, 152, 131, 139, 141, 155, 140, 148, -0.2517664312807171, -0.9517809624229884]
[15, 12, 135, 132, 134, 152, 133, 155, 129, 139, 153, 130, 138, 148, 154, 141, 149, -0.2081070046440685, -0.35418410673056766]
[12, 12, 136, 137, 139, 151, 183, 138, 148, 168, 182, 132, 142, 150, 180, 133, 141, 149, 155, 169, 171, 177, 181, 130, 154, 170, 178, -0.8571347209803098, -0.8695095007535553]
[12, 13, 137, 136, 138, 142, 182, 139, 141, 177, 183, 133, 143, 151, 181, 130, 132, 140, 148, 168, 176, 178, 180, 131, 155, 171, 179, -0.48591548466482215, -0.3037364189762798]
[13, 13, 138, 133, 137, 139, 141, 130, 132, 136, 142, 134, 140, 148, 182, 129, 131, 135, 143, 151, 155, 177, 183, 128, 152, 168, 176, -0.1690290153229107, -0.9793126466347597]
[13, 12, 139, 132, 136, 138, 148, 133, 137, 151, 155, 135, 141, 149, 183, 130, 134, 142, 150, 152, 154, 168, 182, 129, 153, 169, 177, -0.3205043706825018, -0.8756619496359074]
[13, 15, 140, 131, 141, 143, 130, 142, 128, 138, 176, 129, 133, 137, 177, 134, 182, -0.5887452211003573, -0.9866734775309534]
[13, 14, 141, 130, 138, 140, 142, 131, 133, 137, 143, 129, 139, 177, 128, 132, 134, 136, 176, 182, 135, 183, -0.4525501808231448, -0.8658146728149665]
[12, 14, 142, 137, 141, 143, 177, 138, 140, 176, 182, 130, 136, 178, 131, 133, 139, 179, 181, 183, 132, 180, -0.10744185202896861, -0.5009563717125725]
[12, 15, 143, 140, 142, 176, 141, 177, 131, 137, 179, 130, 138, 178, 182, 133, 181, -0.49284194795973557, -0.7236641034776954]
[12, 8, 144, 145, 147, 175, 239, 146, 174, 208, 236, 150, 156, 172, 238, 149, 157, 169, 173, 209, 211, 227, 237, 154, 170, 210, 226, -0.49494855047176933, -0.511512022746303]
[12, 9, 145, 144, 146, 150, 174, 147, 149, 169, 175, 151, 157, 173, 239, 148, 154, 156, 168, 170, 172, 208, 236, 155, 171, 211, 227, -0.16816037903935654, -0.7382501806655749]
[13, 9, 146, 145, 147, 149, 157, 144, 150, 154, 156, 148, 158, 174, 236, 151, 153, 155, 159, 169, 175, 227, 239, 152, 168, 208, 224, -0.1550197976866161, -0.46829058788814704]
[13, 8, 147, 144, 146, 156, 236, 145, 157, 227, 239, 149, 159, 175, 237, 150, 154, 158, 174, 208, 224, 226, 238, 153, 169, 209, 225, -0.5822078137069275, -0.5865625286759587]
[13, 11, 148, 139, 149, 151, 155, 132, 136, 150, 154, 138, 146, 152, 168, 133, 135, 137, 145, 153, 157, 169, 183, 134, 158, 174, 182, -0.44303184799632267, -0.9496288245798059]
[13, 10, 149, 146, 148, 150, 154, 145, 151, 155, 157, 139, 147, 153, 169, 132, 136, 144, 152, 156, 158, 168, 174, 135, 159, 175, 183, -0.8250486944550788, -0.6979215071617632]
[12, 10, 150, 145, 149, 151, 169, 146, 148, 168, 174, 136, 144, 154, 170, 139, 147, 155, 157, 171, 173, 175, 183, 132, 156, 172, 180, -0.2716420628719708, -0.08172784664653643]
[12, 11, 151, 136, 148, 150, 168, 139, 149, 169, 183, 137, 145, 155, 171, 132, 138, 146, 154, 170, 174, 180, 182, 133, 157, 173, 181, -0.11933251702654646, -0.742239923720792]
[15, 11, 152, 135, 153, 155, 132, 154, 134, 148, 158, 133, 139, 149, 157, 138, 146, -0.26821360811087513, -0.08372420080639531]
[15, 10, 153, 152, 154, 158, 155, 157, 135, 149, 159, 132, 146, 148, 156, 139, 147, -0.5894976196132412, -0.5538039140433342]
[14, 10, 154, 149, 153, 155, 157, 146, 148, 152, 158, 132, 150, 156, 135, 139, 145, 147, 151, 159, 136, 144, -0.07614470825877573, -0.8809251817403028]
[14, 11, 155, 132, 148, 152, 154, 135, 139, 149, 153, 133, 151, 157, 134, 136, 138, 146, 150, 158, 137, 145, -0.11658547428689547, -0.8248265366477083]
[14, 8, 156, 147, 157, 159, 227, 146, 158, 224, 236, 144, 154, 226, 145, 149, 153, 225, 237, 239, 150, 238, -0.11097626291426899, -0.9978771487389189]
[14, 9, 157, 146, 154, 156, 158, 147, 149, 153, 159, 145, 155, 227, 144, 148, 150, 152, 224, 236, 151, 239, -0.44054027980181276, -0.4234601118224056]
[15, 9, 158, 153, 157, 159, 154, 156, 146, 152, 224, 147, 149, 155, 227, 148, 236, -0.5835233575016012, -0.6706934629132717]
[15, 8, 159, 156, 158, 224, 157, 227, 147, 153, 225, 146, 154, 226, 236, 149, 237, -0.9484362872109549, -0.9304102674932956]
[8, 8, 160, 95, 161, 163, 223, 32, 94, 162, 220, 92, 166, 172, 222, 33, 35, 89, 93, 165, 173, 211, 221, 34, 90, 170, 210, -0.019188622334836203, -0.4976563117378009]
[8, 9, 161, 94, 160, 162, 166, 89, 95, 163, 165, 93, 167, 173, 223, 32, 88, 90, 92, 164, 170, 172, 220, 35, 91, 171, 211, -0.24829339108739368, -0.6296326380418326]
[9, 9, 162, 161, 163, 165, 173, 160, 166, 170, 172, 94, 164, 174, 220, 89, 95, 167, 169, 171, 175, 211, 223, 32, 88, 168, 208, -0.6639699879469004, -0.8271552983069241]
[9, 8, 163, 160, 162, 172, 220, 161, 173, 211, 223, 95, 165, 175, 221, 32, 94, 166, 170, 174, 208, 210, 222, 33, 89, 169, 209, -0.7375154217992673, -0.393605622928747]
[9, 11, 164, 165, 167, 171, 187, 166, 170, 180, 184, 88, 162, 168, 186, 71, 89, 161, 169, 173, 181, 183, 185, 70, 94, 174, 182, -0.8076035642026749, -0.7250864887474955]
[9, 10, 165, 162, 164, 166, 170, 161, 167, 171, 173, 89, 163, 169, 187, 88, 94, 160, 168, 172, 174, 180, 184, 71, 95, 175, 183, -0.01731840917633032, -0.1615159807092701]
[8, 10, 166, 89, 161, 165, 167, 88, 94, 162, 164, 90, 160, 170, 184, 71, 91, 93, 95, 163, 171, 173, 187, 68, 92, 172, 180, -0.25881180888896527, -0.41560884313763]
[8, 11, 167, 88, 164, 166, 184, 71, 89, 165, 187, 91, 161, 171, 185, 68, 70, 90, 94, 162, 170, 180, 186, 69, 93, 173, 181, -0.6750823667808604, -0.35212355831694164]
[11, 11, 168, 151, 169, 171, 183, 136, 150, 170, 180, 148, 164, 174, 182, 137, 139, 145, 149, 165, 173, 181, 187, 138, 146, 162, 186, -0.3731928150748607, -0.5046631945354788]
[11, 10, 169, 150, 168, 170, 174, 145, 151, 171, 173, 149, 165, 175, 183, 136, 144, 146, 148, 162, 164, 172, 180, 139, 147, 163, 187, -0.5231739623854468, -0.8360296669802771]
[10, 10, 170, 165, 169, 171, 173, 162, 164, 168, 174, 150, 166, 172, 180, 145, 151, 161, 163, 167, 175, 183, 187, 136, 144, 160, 184, -0.2788804346479056, -0.32369924380144455]
[10, 11, 171, 164, 168, 170, 180, 165, 169, 183, 187, 151, 167, 173, 181, 136, 150, 162, 166, 174, 182, 184, 186, 137, 145, 161, 185, -0.8699196675439517, -0.8007278646690221]
[10, 8, 172, 163, 173, 175, 211, 162, 174, 208, 220, 144, 160, 170, 210, 145, 161, 165, 169, 209, 221, 223, 239, 150, 166, 222, 238, -0.7738491039586003, -0.5735247763278117]
[10, 9, 173, 162, 170, 172, 174, 163, 165, 169, 175, 145, 161, 171, 211, 144, 150, 160, 164, 166, 168, 208, 220, 151, 167, 223, 239, -0.6544797099203681, -0.22263465152873585]
[11, 9, 174, 145, 169, 173, 175, 144, 150, 170, 172, 146, 162, 168, 208, 147, 149, 151, 163, 165, 171, 211, 239, 148, 164, 220, 236, -0.5360053697038449, -0.21672723681678763]
[11, 8, 175, 144, 172, 174, 208, 145, 173, 211, 239, 147, 163, 169, 209, 146, 150, 162, 170, 210, 220, 236, 238, 149, 165, 221, 237, -0.6388720472135737, -0.33230804674153813]
[11, 15, 176, 143, 177, 179, 142, 178, 140, 182, 188, 137, 141, 181, 189, 138, 186, -0.5630902484340218, -0.5657547386023921]
[11, 14, 177, 142, 176, 178, 182, 137, 143, 179, 181, 141, 183, 189, 136, 138, 140, 180, 186, 188, 139, 187, -0.08752096011239807, -0.3112442839956746]
[10, 14, 178, 177, 179, 181, 189, 176, 182, 186, 188, 142, 180, 190, 137, 143, 183, 185, 187, 191, 136, 184, -0.6405938769237053, -0.01600581436283033]
[10, 15, 179, 176, 178, 188, 177, 189, 143, 181, 191, 142, 182, 186, 190, 137, 185, -0.941901377207086, -0.33797198359935177]
[10, 12, 180, 171, 181, 183, 187, 164, 168, 182, 186, 136, 170, 178, 184, 137, 151, 165, 167, 169, 177, 185, 189, 142, 150, 166, 190, -0.7951825542953754, -0.5729110469992875]
[10, 13, 181, 178, 180, 182, 186, 177, 183, 187, 189, 137, 171, 179, 185, 136, 142, 164, 168, 176, 184, 188, 190, 143, 151, 167, 191, -0.5835962030593349, -0.2506364514940437]
[11, 13, 182, 137, 177, 181, 183, 136, 142, 178, 180, 138, 168, 176, 186, 139, 141, 143, 151, 171, 179, 187, 189, 140, 148, 164, 188, -0.9311020642373419, -0.37506244092756036]
[11, 12, 183, 136, 168, 180, 182, 137, 151, 171, 181, 139, 169, 177, 187, 138, 142, 148, 150, 164, 170, 178, 186, 141, 149, 165, 189, -0.735672729686048, -0.6710319958095528]
[8, 12, 184, 71, 167, 185, 187, 70, 88, 164, 186, 68, 166, 180, 190, 65, 69, 89, 91, 165, 171, 181, 189, 66, 90, 170, 178, -0.5313626106918109, -0.8328606513003372]
[8, 13, 185, 70, 184, 186, 190, 65, 71, 187, 189, 69, 167, 181, 191, 64, 66, 68, 88, 164, 178, 180, 188, 67, 91, 171, 179, -0.12869250452391545, -0.3013506895453393]
[9, 13, 186, 181, 185, 187, 189, 178, 180, 184, 190, 70, 164, 182, 188, 65, 71, 167, 171, 177, 179, 183, 191, 64, 88, 168, 176, -0.7525069887515131, -0.17829200925347688]
[9, 12, 187, 164, 180, 184, 186, 167, 171, 181, 185, 71, 165, 183, 189, 70, 88, 166, 168, 170, 178, 182, 190, 65, 89, 169, 177, -0.08557963427469417, -0.36011485805710775]
[9, 15, 188, 179, 189, 191, 178, 190, 64, 176, 186, 65, 177, 181, 185, 70, 182, -0.5783166574451815, -0.834164708014774]
[9, 14, 189, 178, 186, 188, 190, 179, 181, 185, 191, 65, 177, 187, 64, 70, 176, 180, 182, 184, 71, 183, -0.9668195289989845, -0.24246108451877468]
[8, 14, 190, 65, 185, 189, 191, 64, 70, 186, 188, 66, 178, 184, 67, 69, 71, 179, 181, 187, 68, 180, -0.5294633037823429, -0.36519189362027915]
[8, 15, 191, 64, 188, 190, 65, 189, 67, 179, 185, 66, 70, 178, 186, 69, 181, -0.599043930790278, -0.4909517974170696]
[8, 0, 192, 63, 193, 195, 62, 194, 60, 198, 204, 57, 61, 197, 205, 58, 202, -0.1164781228866606, -0.9969747707503083]
[8, 1, 193, 62, 192, 194, 198, 57, 63, 195, 197, 61, 199, 205, 56, 58, 60, 196, 202, 204, 59, 203, -0.18452959158596938, -0.6377449080463937]
[9, 1, 194, 193, 195, 197, 205, 192, 198, 202, 204, 62, 196, 206, 57, 63, 199, 201, 203, 207, 56, 200, -0.4939228799888855, -0.26115092243183036]
[9, 0, 195, 192, 194, 204, 193, 205, 63, 197, 207, 62, 198, 202, 206, 57, 201, -0.8553300457850321, -0.29680413410000994]
[9, 3, 196, 197, 199, 203, 219, 198, 202, 212, 216, 56, 194, 200, 218, 39, 57, 193, 201, 205, 213, 215, 217, 38, 62, 206, 214, -0.9029902367252824, -0.2275412207741596]
[9, 2, 197, 194, 196, 198, 202, 193, 199, 203, 205, 57, 195, 201, 219, 56, 62, 192, 200, 204, 206, 212, 216, 39, 63, 207, 215, -0.36837371326262225, -0.0016391473935045697]
[8, 2, 198, 57, 193, 197, 199, 56, 62, 194, 196, 58, 192, 202, 216, 39, 59, 61, 63, 195, 203, 205, 219, 36, 60, 204, 212, -0.892749309084428, -0.25058265581096373]
[8, 3, 199, 56, 196, 198, 216, 39, 57, 197, 219, 59, 193, 203, 217, 36, 38, 58, 62, 194, 202, 212, 218, 37, 61, 205, 213, -0.674812287315738, -0.1160894952366146]
[11, 3, 200, 201, 203, 215, 247, 202, 212, 232, 246, 196, 206, 214, 244, 197, 205, 213, 219, 233, 235, 241, 245, 194, 218, 234, 242, -0.09518355480253438, -0.38328033870447686]
[11, 2, 201, 200, 202, 206, 246, 203, 205, 241, 247, 197, 207, 215, 245, 194, 196, 204, 212, 232, 240, 242, 244, 195, 219, 235, 243, -0.12075970214394038, -0.0009694737512515594]
[10, 2, 202, 197, 201, 203, 205, 194, 196, 200, 206, 198, 204, 212, 246, 193, 195, 199, 207, 215, 219, 241, 247, 192, 216, 232, 240, -0.7271222303906064, -0.9556221539283668]
[10, 3, 203, 196, 200, 202, 212, 197, 201, 215, 219, 199, 205, 213, 247, 194, 198, 206, 214, 216, 218, 232, 246, 193, 217, 233, 241, -0.41549086455712336, -0.43777322859173273]
[10, 0, 204, 195, 205, 207, 194, 206, 192, 202, 240, 193, 197, 201, 241, 198, 246, -0.9249257661857576, -0.8145366923136911]
[10, 1, 205, 194, 202, 204, 206, 195, 197, 201, 207, 193, 203, 241, 192, 196, 198, 200, 240, 246, 199, 247, -0.7343268723514002, -0.8932089427872145]
[11, 1, 206, 201, 205, 207, 241, 202, 204, 240, 246, 194, 200, 242, 195, 197, 203, 243, 245, 247, 196, 244, -0.4970654199355874, -0.2591820609929767]
[11, 0, 207, 204, 206, 240, 205, 241, 195, 201, 243, 194, 202, 242, 246, 197, 245, -0.7776348370791498, -0.5987246699572285]
[11, 7, 208, 175, 209, 211, 239, 144, 172, 210, 238, 174, 214, 220, 236, 145, 147, 163, 173, 213, 221, 233, 237, 146, 162, 218, 234, -0.8010511996131154, -0.8211062811790998]
[11, 6, 209, 208, 210, 214, 238, 211, 213, 233, 239, 175, 215, 221, 237, 144, 172, 212, 218, 220, 232, 234, 236, 147, 163, 219, 235, -0.43219999007332244, -0.9908853942050362]
[10, 6, 210, 209, 211, 213, 221, 208, 214, 218, 220, 172, 212, 222, 238, 163, 175, 215, 217, 219, 223, 233, 239, 144, 160, 216, 232, -0.8527154283532564, -0.04178786775494636]
[10, 7, 211, 172, 208, 210, 220, 163, 175, 209, 221, 173, 213, 223, 239, 144, 160, 162, 174, 214, 218, 222, 238, 145, 161, 217, 233, -0.4382109245693866, -0.3786980579795608]
[10, 4, 212, 203, 213, 215, 219, 196, 200, 214, 218, 202, 210, 216, 232, 197, 199, 201, 209, 217, 221, 233, 247, 198, 222, 238, 246, -0.7061354516491456, -0.7448674844465943]
[10, 5, 213, 210, 212, 214, 218, 209, 215, 219, 221, 203, 211, 217, 233, 196, 200, 208, 216, 220, 222, 232, 238, 199, 223, 239, 247, -0.8273342495247558, -0.11271765345798368]
[11, 5, 214, 209, 213, 215, 233, 210, 212, 232, 238, 200, 208, 218, 234, 203, 211, 219, 221, 235, 237, 239, 247, 196, 220, 236, 244, -0.3020268512686266, -0.6868373166532844]
[11, 4, 215, 200, 212, 214, 232, 203, 213, 233, 247, 201, 209, 219, 235, 196, 202, 210, 218, 234, 238, 244, 246, 197, 221, 237, 245, -0.9413830462590762, -0.41561364241300713]
[8, 4, 216, 39, 199, 217, 219, 38, 56, 196, 218, 36, 198, 212, 222, 33, 37, 57, 59, 197, 203, 213, 221, 34, 58, 202, 210, -0.15408902093406884, -0.5265616351053068]
[8, 5, 217, 38, 216, 218, 222, 33, 39, 219, 221, 37, 199, 213, 223, 32, 34, 36, 56, 196, 210, 212, 220, 35, 59, 203, 211, -0.8347256159027356, -0.2857933411866804]
[9, 5, 218, 213, 217, 219, 221, 210, 212, 216, 222, 38, 196, 214, 220, 33, 39, 199, 203, 209, 211, 215, 223, 32, 56, 200, 208, -0.4805395056572749, -0.42426420697185097]
[9, 4, 219, 196, 212, 216, 218, 199, 203, 213, 217, 39, 197, 215, 221, 38, 56, 198, 200, 202, 210, 214, 222, 33, 57, 201, 209, -0.5781553612645774, -0.9787731613073679]
[9, 7, 220, 163, 211, 221, 223, 160, 172, 210, 222, 32, 162, 208, 218, 33, 95, 161, 173, 175, 209, 213, 217, 38, 94, 174, 214, -0.8150606675274371, -0.17881361646896599]
[9, 6, 221, 210, 218, 220, 222, 211, 213, 217, 223, 33, 163, 209, 219, 32, 38, 160, 172, 208, 212, 214, 216, 39, 95, 175, 215, -0.26034806847908853, -0.923753884345342]
[8, 6, 222, 33, 217, 221, 223, 32, 38, 218, 220, 34, 160, 210, 216, 35, 37, 39, 95, 163, 211, 213, 219, 36, 92, 172, 212, -0.16100304633645046, -0.6740234238771856]
[8, 7, 223, 32, 160, 220, 222, 33, 95, 163, 221, 35, 161, 211, 217, 34, 38, 92, 94, 162, 172, 210, 218, 37, 93, 173, 213, -0.5451949570646693, -0.3362196109973282]
[15, 7, 224, 159, 225, 227, 156, 226, 158, 230, 236, 147, 157, 229, 237, 146, 234, -0.29042403992762, -0.3207183913403604]
[15, 6, 225, 224, 226, 230, 227, 229, 159, 231, 237, 156, 228, 234, 236, 147, 235, -0.822451879856013, -0.026181146637241914]
[14, 6, 226, 225, 227, 229, 237, 224, 230, 234, 236, 156, 228, 238, 147, 159, 231, 233, 235, 239, 144, 232, -0.7787560262529802, -0.8064340542441737]
[14, 7, 227, 156, 224, 226, 236, 147, 159, 225, 237, 157, 229, 239, 144, 146, 158, 230, 234, 238, 145, 233, -0.8353571595704357, -0.33251364852617804]
[14, 4, 228, 229, 231, 235, 251, 230, 234, 244, 248, 226, 232, 250, 225, 233, 237, 245, 247, 249, 238, 246, -0.4533205528932549, -0.32147176825332624]
[14, 5, 229, 226, 228, 230, 234, 225, 231, 235, 237, 227, 233, 251, 224, 232, 236, 238, 244, 248, 239, 247, -0.8390033328337944, -0.7676165097858786]
[15, 5, 230, 225, 229, 231, 226, 228, 224, 234, 248, 227, 235, 237, 251, 236, 244, -0.907407300285829, -0.35565408293258693]
[15, 4, 231, 228, 230, 248, 229, 251, 225, 235, 249, 226, 234, 244, 250, 237, 245, -0.42081761462090084, -0.3494239224513763]
[12, 4, 232, 215, 233, 235, 247, 200, 214, 234, 244, 212, 228, 238, 246, 201, 203, 209, 213, 229, 237, 245, 251, 202, 210, 226, 250, -0.6107536086728494, -0.2767034496196946]
[12, 5, 233, 214, 232, 234, 238, 209, 215, 235, 237, 213, 229, 239, 247, 200, 208, 210, 212, 226, 228, 236, 244, 203, 211, 227, 251, -0.5994456873371783, -0.18506789541865232]
[13, 5, 234, 229, 233, 235, 237, 226, 228, 232, 238, 214, 230, 236, 244, 209, 215, 225, 227, 231, 239, 247, 251, 200, 208, 224, 248, -0.8056269042305894, -0.653935217216277]
[13, 4, 235, 228, 232, 234, 244, 229, 233, 247, 251, 215, 231, 237, 245, 200, 214, 226, 230, 238, 246, 248, 250, 201, 209, 225, 249, -0.02919264199575078, -0.7164349297029162]
[13, 7, 236, 147, 227, 237, 239, 144, 156, 226, 238, 146, 208, 224, 234, 145, 157, 159, 175, 209, 225, 229, 233, 158, 174, 214, 230, -0.1713967052950084, -0.24013954133336757]
[13, 6, 237, 226, 234, 236, 238, 227, 229, 233, 239, 147, 209, 225, 235, 144, 156, 208, 214, 224, 228, 230, 232, 159, 175, 215, 231, -0.24881309432344534, -0.904097224404791]
[12, 6, 238, 209, 233, 237, 239, 208, 214, 234, 236, 144, 210, 226, 232, 147, 175, 211, 213, 215, 227, 229, 235, 156, 172, 212, 228, -0.26854096254689275, -0.47396539696712614]
[12, 7, 239, 144, 208, 236, 238, 147, 175, 209, 237, 145, 211, 227, 233, 146, 156, 172, 174, 210, 214, 226, 234, 157, 173, 213, 229, -0.057525450533916334, -0.23448576626530981]
[12, 0, 240, 207, 241, 243, 206, 242, 204, 246, 252, 201, 205, 245, 253, 202, 250, -0.44450384777209184, -0.49633047154102394]
[12, 1, 241, 206, 240, 242, 246, 201, 207, 243, 245, 205, 247, 253, 200, 202, 204, 244, 250, 252, 203, 251, -0.5121980040434222, -0.06325617243561632]
[13, 1, 242, 241, 243, 245, 253, 240, 246, 250, 252, 206, 244, 254, 201, 207, 247, 249, 251, 255, 200, 248, -0.7838622982070544, -0.25619263769131384]
[13, 0, 243, 240, 242, 252, 241, 253, 207, 245, 255, 206, 246, 250, 254, 201, 249, -0.3300750658766991, -0.9977422634132052]
[13, 3, 244, 235, 245, 247, 251, 228, 232, 246, 250, 200, 234, 242, 248, 201, 215, 229, 231, 233, 241, 249, 253, 206, 214, 230, 254, -0.47813285341824796, -0.12078630705851445]
[13, 2, 245, 242, 244, 246, 250, 241, 247, 251, 253, 201, 235, 243, 249, 200, 206, 228, 232, 240, 248, 252, 254, 207, 215, 231, 255, -0.7594124999160919, -0.6345714633091044]
[12, 2, 246, 201, 241, 245, 247, 200, 206, 242, 244, 202, 232, 240, 250, 203, 205, 207, 215, 235, 243, 251, 253, 204, 212, 228, 252, -0.7073126093341395, -0.42933811893005436]
[12, 3, 247, 200, 232, 244, 246, 201, 215, 235, 245, 203, 233, 241, 251, 202, 206, 212, 214, 228, 234, 242, 250, 205, 213, 229, 253, -0.0504500103248271, -0.180758477692879]
[15, 3, 248, 231, 249, 251, 228, 250, 230, 244, 254, 229, 235, 245, 253, 234, 242, -0.8781135698223187, -0.4324412410370764]
[15, 2, 249, 248, 250, 254, 251, 253, 231, 245, 255, 228, 242, 244, 252, 235, 243, -0.06039834076956596, -0.4562199764021354]
[14, 2, 250, 245, 249, 251, 253, 242, 244, 248, 254, 228, 246, 252, 231, 235, 241, 243, 247, 255, 232, 240, -0.8200301605035496, -0.846924607999461]
[14, 3, 251, 228, 244, 248, 250, 231, 235, 245, 249, 229, 247, 253, 230, 232, 234, 242, 246, 254, 233, 241, -0.9161323301026347, -0.12980325236176793]
[14, 0, 252, 243, 253, 255, 242, 254, 240, 250, 241, 245, 249, 246, -0.6538232482303719, -0.5244624577949533]
[14, 1, 253, 242, 250, 252, 254, 243, 245, 249, 255, 241, 251, 240, 244, 246, 248, 247, -0.3085206569604, -0.35609203604267636]
[15, 1, 254, 249, 253, 255, 250, 252, 242, 248, 243, 245, 251, 244, -0.22350891487241098, -0.5044433417260841]
[15, 0, 255, 252, 254, 253, 243, 249, 242, 250, 245, -0.10993384339119483, -0.19815047120363316]
0.8268976211547852