826
[60, 28, 0, -0.09995398982033232, -0.3449421115378174]
[52, 24, 1, -0.9095972666341143, -0.1611179631040337]
[46, 31, 2, 10, -0.054363873464967294, -0.7332223751472298]
[46, 24, 3, -0.31901547361819493, -0.8465855880304446]
[34, 35, 4, 5, -0.9376950800775906, -0.022136393805834098]
[36, 32, 5, 4, -0.946252507426773, -0.038024908260996804]
[33, 46, 6, -0.7420565039046344, -0.9802379561322689]
[45, 45, 7, -0.5020659092747143, -0.9468579470185883]
[46, 39, 8, 12, 41, -0.24032896671016202, -0.06211068409226295]
[40, 32, 9, -0.3489034267636463, -0.7018168181763609]
[47, 32, 10, 2, 11, -0.3157936177370597, -0.26904723963100907]
[50, 34, 11, 16, 13, 10, -0.6053593188880634, -0.10622284399941839]
[49, 38, 12, 40, 41, 8, 14, 13, -0.25986160348633214, -0.26713986948382384]
[52, 36, 13, 16, 15, 11, 14, 12, -0.8493823341165921, -0.6037284750615595]
[52, 39, 14, 39, 40, 15, 13, 12, 38, 41, -0.45993661138666053, -0.22036682551019482]
[54, 37, 15, 19, 13, 14, 16, 20, 38, -0.9734511654701662, -0.11377228233788028]
[52, 35, 16, 13, 11, 15, -0.14354202611704225, -0.7356082314446376]
[62, 38, 17, 18, 23, 808, 24, 798, -0.49114749578618755, -0.7115200577953236]
[60, 39, 18, 23, 17, 22, 21, 24, 20, -0.0388525889279836, -0.7882371095051407]
[56, 37, 19, 20, 15, 38, 22, -0.34477348902089966, -0.9394688191595426]
[57, 38, 20, 19, 22, 38, 15, 18, 21, -0.29688537723618025, -0.15594120331833672]
[58, 41, 21, 22, 18, 20, 23, 30, 38, -0.30009502495299545, -0.7080071094187275]
[58, 40, 22, 21, 18, 20, 23, 38, 19, -0.8939888658256607, -0.9861951830396949]
[61, 40, 23, 18, 24, 17, 22, 21, 798, -0.4158075726005619, -0.8680980494146205]
[62, 41, 24, 23, 798, 18, 17, 797, -0.9812112725387805, -0.9500161813356175]
[63, 45, 25, 796, 26, 797, 795, 27, 794, 793, -0.8349328938151899, -0.02465367130222118]
[62, 46, 26, 27, 25, 794, 796, 797, 70, 69, 795, -0.861571945161496, -0.7987906447133025]
[62, 47, 27, 26, 70, 794, 25, 69, 796, 71, 72, 67, 795, 797, -0.07166853109615579, -0.528072179972467]
[58, 46, 28, 29, 32, 30, 31, 62, 68, 33, 63, 67, 64, -0.22212142922912415, -0.29647388193912494]
[58, 45, 29, 28, 30, 31, 32, 62, 33, -0.05134041081274021, -0.05845346474506474]
[57, 44, 30, 29, 31, 28, 32, 21, 37, 33, 34, -0.5691077723980392, -0.4878862324140196]
[56, 45, 31, 30, 29, 28, 32, 33, 34, 37, 62, 35, -0.6508443718480822, -0.9322193690140611]
[57, 47, 32, 62, 28, 33, 63, 29, 31, 64, 68, 61, 67, 30, 34, -0.0805618493054987, -0.23860369466745313]
[55, 47, 33, 34, 32, 35, 61, 31, 62, 64, 60, 63, 28, 56, 29, 30, 59, 68, -0.1077546916901363, -0.15477068200698374]
[54, 46, 34, 33, 35, 31, 36, 37, 32, 60, 61, 30, 62, 64, -0.7732542972954832, -0.8875131763418971]
[53, 47, 35, 34, 33, 60, 61, 59, 36, 45, 56, 58, 31, 46, 64, -0.9968247552695989, -0.4188345161734821]
[52, 44, 36, 43, 37, 34, 39, 42, 35, -0.7846374828260231, -0.5325130795361943]
[54, 43, 37, 36, 31, 39, 34, 30, 38, -0.8738155395448907, -0.27003327633768226]
[55, 40, 38, 20, 22, 14, 15, 19, 21, 37, 39, -0.7310597741566598, -0.5252900531474823]
[52, 41, 39, 14, 40, 37, 36, 41, 38, 43, -0.02394763633210173, -0.6754660302415503]
[50, 40, 40, 41, 12, 14, 39, -0.4220109067557418, -0.791734395605939]
[49, 41, 41, 40, 12, 39, 42, 43, 8, 14, -0.6414666986947328, -0.6968537803604785]
[49, 44, 42, 43, 36, 41, -0.2480452855276013, -0.04118465590060394]
[50, 44, 43, 42, 36, 41, 39, -0.5908963411377984, -0.2936177682888621]
[48, 48, 44, 45, 46, 163, 164, 47, -0.978767242924612, -0.7102150373938962]
[50, 48, 45, 46, 44, 47, 58, 35, 60, 59, 163, -0.2524733180792955, -0.8144528655795467]
[50, 49, 46, 45, 47, 44, 58, 51, 60, 59, 163, 35, -0.9365143098076119, -0.8476624685296005]
[50, 50, 47, 46, 45, 51, 58, 44, 50, 59, 163, 60, 48, -0.2939113450332186, -0.10784393185968144]
[48, 53, 48, 50, 49, 51, 134, 162, 163, 47, 131, 161, -0.3854873871255705, -0.5514447572505972]
[50, 54, 49, 50, 51, 131, 48, 52, 134, 132, 130, 133, 124, 125, 162, -0.044460361625849765, -0.4649960527352124]
[50, 53, 50, 49, 51, 48, 52, 47, 131, 58, 134, -0.056365259336339624, -0.6622503543954483]
[50, 52, 51, 50, 47, 49, 48, 58, 46, 52, 59, 163, -0.3747795437106549, -0.7177345248305325]
[52, 55, 52, 124, 53, 125, 49, 130, 131, 50, 132, 54, 123, 129, 51, 55, 133, -0.5435791603097396, -0.9200263025775715]
[54, 55, 53, 54, 123, 124, 52, 87, 125, 55, 88, 122, 86, 89, 130, -0.40938554046932996, -0.4999700536109004]
[55, 55, 54, 53, 123, 87, 88, 124, 89, 52, 82, 122, 55, 86, 85, 92, 125, -0.7133949418373812, -0.3238270824426509]
[54, 52, 55, 57, 56, 86, 59, 58, 53, 85, 54, 60, 61, 52, 64, -0.014977646437573378, -0.3731793684243411]
[54, 50, 56, 57, 59, 60, 61, 55, 58, 64, 86, 33, 35, 63, 62, 85, -0.44721082531351886, -0.33489349749616193]
[54, 51, 57, 55, 56, 59, 58, 60, 61, 86, 64, 85, 63, -0.42094711529423734, -0.004915737204538528]
[52, 50, 58, 59, 60, 47, 56, 46, 57, 45, 51, 55, 35, 61, 50, -0.42753176393112036, -0.7038187371887706]
[53, 50, 59, 56, 58, 60, 57, 55, 61, 35, 47, 46, 64, 33, 45, 51, 86, -0.557257728652141, -0.44278213843883585]
[53, 49, 60, 59, 56, 58, 35, 61, 57, 33, 46, 64, 34, 45, 47, 55, -0.6603395233734357, -0.6740908341169005]
[55, 49, 61, 64, 56, 33, 60, 63, 57, 59, 62, 32, 35, 68, 34, 55, 58, 86, 65, 85, -0.23985596743699567, -0.5473793039659554]
[57, 48, 62, 32, 63, 64, 68, 28, 33, 61, 67, 29, 31, 65, 34, 56, 66, -0.03151214968474103, -0.6593009430622226]
[57, 49, 63, 62, 64, 68, 32, 61, 67, 65, 33, 66, 85, 28, 56, 84, 86, 57, -0.47582359074054437, -0.6907802957721114]
[56, 49, 64, 61, 63, 62, 68, 32, 33, 56, 57, 65, 60, 67, 86, 59, 85, 28, 34, 35, 55, 66, 84, -0.8554282412885212, -0.6072720849164456]
[58, 51, 65, 66, 84, 85, 68, 63, 67, 73, 83, 86, 64, 74, 62, 61, 75, 81, -0.8526633710586764, -0.18198529624411486]
[59, 51, 66, 65, 73, 84, 67, 83, 68, 74, 85, 63, 75, 71, 76, 81, 86, 62, 64, 70, 77, -0.4220519617148746, -0.02836931830422562]
[59, 49, 67, 68, 63, 66, 62, 65, 32, 64, 70, 28, 71, 73, 84, 27, 85, -0.7872408515246927, -0.9857867764765715]
[58, 49, 68, 63, 67, 62, 64, 65, 32, 66, 28, 61, 84, 85, 33, 73, 86, -0.10882629964799995, -0.47302633506642844]
[63, 49, 69, 70, 72, 71, 27, 757, 794, 758, 26, 76, 754, 756, -0.49906550287891804, -0.12903384850521527]
[62, 49, 70, 69, 71, 72, 27, 757, 794, 26, 67, 76, 66, 73, -0.592094436021378, -0.7476264134225915]
[62, 50, 71, 70, 72, 69, 76, 757, 73, 27, 77, 66, 67, 75, 74, 753, 754, 794, -0.12221829334873868, -0.025350404102699398]
[63, 50, 72, 69, 71, 70, 757, 76, 754, 27, 77, 753, 756, 758, 794, 73, 75, -0.9718902526445874, -0.37406743937912634]
[60, 52, 73, 74, 66, 75, 83, 76, 81, 84, 65, 77, 71, 78, 85, 67, 68, 70, 72, 79, 80, 82, -0.11503742922400795, -0.989471354736747]
[60, 53, 74, 73, 75, 81, 83, 77, 66, 76, 78, 84, 65, 80, 82, 79, 85, 71, 94, -0.6778475678032159, -0.005927839527036571]
[61, 53, 75, 74, 77, 73, 76, 78, 81, 83, 79, 80, 66, 753, 71, 84, 94, 65, 72, 82, 752, 757, -0.5060229568793603, -0.45908315656233967]
[62, 52, 76, 77, 75, 71, 73, 78, 72, 74, 79, 753, 757, 81, 70, 80, 754, 66, 69, 83, 752, -0.017549649731868566, -0.4882979840427134]
[62, 53, 77, 75, 76, 78, 79, 74, 80, 753, 73, 81, 752, 757, 71, 83, 94, 72, 754, 66, 751, -0.7832769790620454, -0.7261573431510258]
[62, 54, 78, 77, 79, 80, 75, 76, 81, 94, 74, 752, 753, 73, 83, 93, 751, 754, 757, -0.6827578094733115, -0.14830475522584108]
[63, 54, 79, 78, 77, 80, 752, 753, 75, 76, 94, 751, 754, 81, 74, 757, 73, 93, 733, -0.611560261829495, -0.26323427787501064]
[62, 55, 80, 78, 94, 79, 77, 752, 75, 81, 93, 74, 753, 76, 95, 751, 73, 83, 98, 731, 733, -0.3631292098333937, -0.2841571661181731]
[60, 54, 81, 74, 75, 83, 73, 78, 77, 80, 82, 76, 84, 94, 79, 66, 93, 65, 85, 88, 92, -0.8541887940373217, -0.9659140093082264]
[58, 55, 82, 88, 92, 81, 83, 87, 89, 74, 54, 84, 90, 85, 123, 73, 75, 86, 93, 98, -0.7632481816232546, -0.7583113699090714]
[59, 53, 83, 74, 73, 81, 84, 66, 75, 65, 82, 85, 77, 76, 78, 86, 80, 88, -0.09219471057392659, -0.3170251808088891]
[58, 52, 84, 65, 85, 66, 83, 73, 86, 74, 81, 68, 82, 63, 67, 75, 64, -0.1564003341499588, -0.9445823560194542]
[57, 52, 85, 84, 86, 65, 66, 83, 55, 63, 73, 57, 64, 68, 74, 82, 54, 56, 61, 67, 81, -0.7496778490650592, -0.06452061391177832]
[56, 52, 86, 85, 55, 84, 57, 65, 56, 64, 54, 61, 63, 66, 83, 53, 59, 68, 82, -0.5546068028138498, -0.44451640806930925]
[56, 56, 87, 88, 123, 54, 89, 53, 82, 92, 122, 90, 124, -0.6894017454663472, -0.6780198156279722]
[57, 56, 88, 87, 89, 82, 92, 123, 54, 90, 122, 53, 81, 83, 91, 98, -0.8267646476590658, -0.3939137941480001]
[57, 57, 89, 88, 92, 87, 90, 82, 122, 123, 54, 91, 113, 98, 111, 53, 110, -0.746916854359611, -0.15961323557418572]
[58, 58, 90, 92, 89, 91, 98, 111, 88, 110, 113, 87, 99, 82, 112, 122, 93, 97, 109, 100, 114, 123, -0.26403083215476375, -0.7408323853447079]
[59, 59, 91, 110, 90, 98, 99, 111, 97, 109, 92, 100, 112, 113, 89, 93, 101, 95, 88, 114, -0.29227836746455205, -0.39602724112354337]
[58, 57, 92, 89, 90, 88, 82, 87, 91, 98, 93, 111, 110, 113, 122, 123, 54, 81, 97, 99, -0.2879602003374353, -0.6510550466141173]
[61, 57, 93, 94, 95, 98, 97, 80, 91, 96, 92, 78, 81, 90, 99, 731, 79, 82, 102, 110, 730, 752, -0.4123378242282567, -0.4915604679634178]
[62, 56, 94, 80, 93, 78, 95, 79, 752, 81, 98, 731, 77, 75, 96, 97, 733, 751, 74, 730, 732, 753, -0.7858904275226261, -0.07159470632970022]
[62, 58, 95, 93, 96, 97, 94, 98, 731, 102, 730, 99, 80, 732, 91, 101, 729, 733, 100, 110, 752, -0.9875292618463972, -0.36033660923330757]
[63, 59, 96, 102, 730, 95, 731, 97, 729, 732, 93, 101, 733, 103, 728, 94, 98, 99, 723, 727, 100, 724, 734, -0.16932912793716515, -0.562261914585028]
[61, 59, 97, 95, 98, 99, 91, 93, 96, 101, 100, 102, 110, 109, 730, 90, 94, 111, 731, 92, 103, 112, -0.3386465687638428, -0.6586998209286598]
[60, 58, 98, 91, 93, 97, 90, 95, 99, 92, 110, 94, 111, 100, 89, 96, 101, 109, 80, 82, 88, 102, 112, 113, -0.23235528243457593, -0.8734402501359957]
[60, 60, 99, 100, 110, 91, 97, 101, 109, 98, 111, 112, 90, 95, 102, 106, 113, 93, 96, 107, 92, 103, 105, 108, -0.3468879660465386, -0.3008598507649386]
[60, 61, 100, 99, 101, 109, 110, 106, 112, 91, 97, 107, 111, 105, 108, 98, 102, 103, 113, 408, 409, 90, 95, 96, 104, 406, 414, -0.16120790159645915, -0.30512288127851384]
[61, 61, 101, 100, 99, 97, 109, 102, 103, 105, 106, 110, 91, 96, 104, 107, 112, 409, 95, 98, 111, 414, 723, 108, 408, 730, -0.36616558768141305, -0.2516530363903954]
[63, 60, 102, 96, 730, 103, 95, 97, 101, 723, 729, 731, 732, 99, 104, 100, 105, 724, 728, 93, 98, 722, 727, 733, -0.6828438098583552, -0.7605781103170669]
[63, 62, 103, 104, 723, 105, 102, 101, 414, 409, 415, 96, 722, 100, 106, 417, 724, 730, 97, 99, 410, 416, 729, -0.23229434166447593, -0.005885769928093532]
[63, 63, 104, 103, 105, 414, 723, 409, 415, 417, 101, 410, 416, 102, 106, 412, 722, 100, 724, -0.6406200259621078, -0.9498381738825102]
[62, 63, 105, 104, 414, 103, 409, 106, 101, 410, 723, 100, 417, 107, 412, 102, 408, 415, 99, 109, 411, 416, -0.8542575946085064, -0.8644105988977999]
[60, 63, 106, 107, 408, 409, 100, 105, 108, 101, 109, 406, 410, 414, 112, 407, 99, 104, 411, 103, 110, 398, 111, 399, 412, -0.3803294185496827, -0.6751342777910996]
[59, 63, 107, 106, 108, 408, 406, 109, 100, 112, 407, 409, 101, 410, 105, 110, 116, 398, 99, 111, 115, 399, 405, 411, 414, 113, 114, 403, 404, -0.6357095906019344, -0.4732791145783395]
[58, 63, 108, 107, 406, 408, 106, 112, 116, 407, 109, 115, 405, 100, 114, 404, 111, 399, 110, 113, 117, 301, 398, 403, 409, 99, 101, 410, 411, -0.41142147767071, -0.11268252755957975]
[59, 61, 109, 100, 110, 112, 99, 111, 91, 101, 107, 106, 108, 113, 97, 114, 408, 90, 98, 115, 406, 105, 116, 409, -0.18127863077576079, -0.360005043463956]
[59, 60, 110, 91, 99, 109, 111, 100, 112, 113, 90, 97, 98, 101, 107, 92, 106, 108, 114, 89, 93, 95, 115, -0.16810805402851403, -0.7660767105389849]
[58, 60, 111, 110, 112, 113, 91, 109, 90, 99, 100, 114, 98, 115, 92, 108, 89, 97, 101, 107, 106, 116, 117, 122, -0.5438262058799084, -0.4344985187249938]
[58, 61, 112, 109, 111, 110, 113, 100, 108, 114, 91, 99, 107, 115, 106, 116, 90, 101, 406, 117, 408, 97, 98, 405, -0.5286344382000823, -0.3581859574596672]
[57, 60, 113, 111, 112, 114, 110, 90, 91, 109, 115, 117, 122, 89, 99, 92, 100, 108, 116, 98, 107, 118, -0.9576820962982817, -0.9248262968038881]
[56, 61, 114, 115, 113, 117, 112, 116, 111, 118, 108, 109, 121, 405, 110, 120, 122, 301, 90, 91, 107, 126, 406, -0.43732109508932693, -0.3207081423466279]
[56, 62, 115, 114, 116, 117, 118, 405, 108, 112, 113, 301, 111, 406, 120, 404, 107, 109, 121, 110, 300, 302, 407, 408, -0.4827737793347783, -0.45752156479607153]
[56, 63, 116, 115, 405, 117, 301, 108, 114, 404, 118, 406, 112, 302, 407, 107, 113, 120, 300, 403, 408, 109, 111, 121, 299, 303, 399, -0.8312893331581123, -0.12438959100999314]
[55, 62, 117, 115, 118, 114, 116, 120, 301, 121, 405, 113, 300, 108, 112, 119, 302, 404, 111, 126, 299, 406, -0.2785707801221108, -0.392187057757036]
[54, 62, 118, 117, 120, 121, 115, 114, 116, 119, 300, 301, 405, 302, 126, 142, 299, 113, 127, 141, 298, 404, -0.9116203429601573, -0.566297167978608]
[52, 63, 119, 142, 120, 300, 298, 118, 121, 297, 299, 302, 117, 141, 143, 296, 301, 307, 292, 303, -0.4516758399097345, -0.2373277592851616]
[53, 62, 120, 118, 121, 119, 117, 300, 142, 141, 301, 115, 126, 299, 114, 116, 127, 298, 302, 128, 297, 405, -0.357624300642562, -0.11277859391074807]
[53, 61, 121, 120, 118, 126, 117, 119, 127, 141, 128, 142, 114, 300, 115, 116, 122, 129, 301, -0.9538812220731836, -0.7912295763018828]
[55, 58, 122, 123, 87, 89, 126, 88, 113, 124, 54, 90, 53, 92, 114, 125, 127, 111, 121, -0.7275050000461977, -0.37688919699473633]
[55, 56, 123, 54, 87, 53, 88, 122, 124, 89, 52, 82, 92, 125, 90, 126, -0.805281528377387, -0.43904234970662037]
[53, 56, 124, 52, 53, 125, 123, 54, 130, 122, 129, 87, 126, 131, 127, 132, 49, 128, -0.5732576009619818, -0.6902086512288574]
[52, 57, 125, 130, 124, 129, 52, 127, 132, 126, 128, 131, 53, 133, 122, 123, 136, 141, 49, 54, 137, -0.6576817935733424, -0.7534145679652944]
[53, 59, 126, 127, 121, 128, 122, 125, 129, 141, 130, 120, 124, 118, 114, 117, 123, 132, -0.1664340423794527, -0.2220661824712612]
[52, 59, 127, 126, 128, 129, 141, 125, 121, 130, 132, 137, 120, 122, 124, 136, 140, 118, 131, 133, -0.915374738958149, -0.12079353376826785]
[51, 59, 128, 127, 129, 141, 126, 130, 137, 125, 132, 136, 140, 121, 133, 138, 131, 135, 120, 124, 139, 143, -0.1956443963080161, -0.8195571832223124]
[51, 58, 129, 128, 130, 125, 127, 132, 136, 141, 126, 131, 133, 137, 124, 140, 135, 52, 138, 121, 134, -0.31389307025132296, -0.5294464855804939]
[51, 57, 130, 125, 129, 132, 131, 128, 133, 52, 124, 127, 136, 126, 137, 141, 49, 134, 135, 53, 138, 140, -0.7357272057738393, -0.3485583470431317]
[50, 56, 131, 132, 130, 133, 49, 134, 52, 125, 129, 136, 135, 50, 124, 162, 128, 137, 48, 127, 138, -0.7345554708873652, -0.6445313276265106]
[50, 57, 132, 130, 131, 133, 129, 136, 125, 128, 134, 135, 137, 52, 127, 138, 49, 124, 140, 141, 162, 126, -0.1326753463035948, -0.8631360351419851]
[49, 57, 133, 132, 136, 131, 134, 135, 130, 137, 129, 138, 162, 128, 125, 140, 49, 161, 52, 127, 141, -0.337931407505508, -0.15282885315515626]
[48, 56, 134, 162, 133, 131, 135, 161, 132, 136, 49, 48, 138, 130, 137, 50, 129, -0.10469001990729321, -0.6736955342611413]
[48, 58, 135, 136, 138, 133, 137, 134, 132, 140, 162, 131, 161, 129, 139, 128, 130, 144, 141, 145, -0.6830878173143433, -0.41833387927887167]
[49, 58, 136, 133, 135, 137, 132, 138, 129, 140, 128, 130, 131, 134, 141, 162, 125, 127, 139, 144, 161, -0.5809572188643897, -0.6408282280097481]
[49, 59, 137, 136, 138, 140, 135, 128, 133, 129, 132, 139, 141, 130, 144, 127, 143, 131, 134, 125, 145, 162, -0.7756011826825221, -0.24838477546369342]
[48, 59, 138, 135, 137, 136, 140, 139, 133, 144, 132, 145, 128, 134, 129, 141, 143, 162, 130, 131, 161, -0.655444277425274, -0.35678047330067464]
[48, 61, 139, 144, 140, 143, 138, 145, 137, 135, 136, 141, 291, 128, 142, 289, 297, -0.21683494650263624, -0.4844262336654276]
[49, 60, 140, 137, 138, 139, 136, 141, 143, 128, 135, 144, 129, 133, 127, 132, 145, 130, 142, -0.16569292733541607, -0.1672379097170137]
[51, 60, 141, 128, 127, 129, 140, 121, 126, 137, 120, 136, 143, 130, 142, 119, 125, 132, 138, 139, 118, 133, 135, -0.1729773149665591, -0.4525791932343175]
[51, 63, 142, 119, 297, 120, 143, 298, 300, 121, 292, 299, 141, 296, 118, 139, 140, 294, 302, 307, -0.7075413140734167, -0.29493718927026835]
[49, 62, 143, 139, 140, 142, 144, 297, 141, 291, 137, 292, 119, 138, 145, 128, 289, -0.4037888761129781, -0.8026117198190273]
[47, 61, 144, 139, 145, 138, 140, 143, 137, 291, 135, 289, 136, 160, -0.5083864731567738, -0.3243651661545638]
[46, 61, 145, 144, 139, 138, 160, 150, 289, 140, 143, 146, 291, 135, 137, 151, -0.7214632186844674, -0.1176426636877328]
[43, 62, 146, 150, 147, 276, 149, 151, 145, 160, 148, 154, 275, 288, 289, -0.521942241936357, -0.11911281491685521]
[41, 62, 147, 146, 176, 148, 149, 150, 175, 274, 276, 154, 275, 177, 151, 174, -0.16690710178660206, -0.4341969069214485]
[40, 60, 148, 175, 154, 174, 149, 147, 155, 176, 153, 150, 151, 156, 146, 152, 177, 178, -0.09892396644368384, -0.029961144101820936]
[42, 60, 149, 150, 151, 154, 148, 153, 146, 147, 152, 155, 160, 175, 156, 174, 159, 176, -0.7865016643335241, -0.1629482318576434]
[43, 61, 150, 146, 149, 151, 147, 160, 154, 145, 152, 276, 148, 153, 155, -0.20000703119655405, -0.275441613127248]
[43, 59, 151, 152, 160, 149, 153, 150, 154, 155, 159, 156, 146, 157, 148, 158, 145, 147, -0.48065546450560237, -0.29658431329751067]
[43, 58, 152, 151, 153, 159, 160, 155, 157, 149, 154, 156, 158, 150, 148, 161, -0.3810841536350513, -0.09198905873835062]
[42, 58, 153, 152, 155, 151, 154, 156, 149, 157, 159, 160, 148, 158, 150, 174, 168, 175, -0.03994058750778151, -0.9808416117866862]
[41, 59, 154, 155, 148, 149, 153, 151, 156, 174, 152, 175, 150, 147, 160, 146, 157, 159, 176, -0.6369379278727723, -0.4585476483960075]
[41, 58, 155, 153, 154, 156, 152, 148, 149, 151, 174, 157, 175, 159, 160, 168, 150, 158, -0.572939851979572, -0.8396071535826735]
[41, 57, 156, 155, 153, 154, 152, 157, 168, 151, 174, 159, 148, 149, 158, 160, 175, -0.32133915863844864, -0.11987399554389067]
[43, 56, 157, 158, 159, 152, 153, 156, 155, 151, 161, 160, 168, 154, -0.13782382975354823, -0.9146028981915343]
[44, 56, 158, 157, 159, 161, 152, 153, 160, 162, 151, 156, 155, -0.41994127567415673, -0.9056508792807424]
[44, 57, 159, 158, 152, 157, 160, 151, 153, 161, 156, 155, 162, 149, 154, -0.6629427905452705, -0.8171660677881827]
[44, 59, 160, 151, 152, 159, 149, 150, 153, 145, 154, 158, 146, 155, 157, 144, 156, 161, -0.1946488284055472, -0.2941564142176365]
[46, 56, 161, 162, 134, 158, 159, 135, 157, 133, 48, 136, 138, 152, 160, -0.1152859832503268, -0.3308918860205188]
[47, 56, 162, 134, 161, 133, 135, 136, 131, 158, 48, 132, 138, 159, 49, 137, -0.3797271102769405, -0.35416641242852054]
[47, 50, 163, 164, 44, 47, 166, 46, 48, 165, 45, 51, -0.7562699394345852, -0.6122725176405134]
[46, 49, 164, 163, 165, 44, 166, 167, -0.2573431693132999, -0.4994792962625253]
[44, 49, 165, 166, 167, 164, 163, -0.5513263433655473, -0.820340865782542]
[44, 50, 166, 165, 167, 164, 163, -0.9584365380869173, -0.5004662200646243]
[43, 49, 167, 165, 166, 164, -0.00436483525260789, -0.016913679206462362]
[40, 55, 168, 156, 155, 157, 153, 169, -0.8370947891395488, -0.14764728487464818]
[38, 52, 169, 171, 168, -0.3555098737755814, -0.3906193448229145]
[37, 48, 170, 171, -0.7057348790079881, -0.7982566438567184]
[37, 51, 171, 169, 170, -0.18865071065605654, -0.7959808872371358]
[32, 54, 172, -0.3287641332493685, -0.8895285826313778]
[32, 59, 173, 181, -0.007189202865686362, -0.26577391015297325]
[39, 59, 174, 175, 148, 154, 155, 156, 176, 149, 153, 147, 178, -0.6188033628634841, -0.34392472546981634]
[39, 60, 175, 148, 174, 176, 154, 147, 155, 178, 149, 177, 153, 156, -0.9167684516979497, -0.9843417331609103]
[39, 62, 176, 177, 147, 175, 178, 274, 148, 174, 149, 154, 275, -0.338567836003141, -0.16833361743168263]
[38, 63, 177, 176, 178, 274, 273, 147, 175, 148, 275, 277, -0.957306010827363, -0.9768908736443921]
[37, 62, 178, 177, 176, 175, 274, 148, 174, -0.1188726505663863, -0.5154659782325182]
[32, 63, 179, -0.7548380136704981, -0.9657615664897463]
[28, 60, 180, 181, 183, -0.36868571198922095, -0.8322903038759679]
[29, 58, 181, 180, 173, -0.7228833223383916, -0.19770707663978426]
[24, 59, 182, 183, -0.8165429642115486, -0.59583840314522]
[25, 61, 183, 182, 180, -0.21104520650616487, -0.40818223469375514]
[29, 48, 184, -0.7763890434296971, -0.5923258546589071]
[15, 47, 185, -0.4767705400643465, -0.8256210060897251]
[28, 68, 186, 187, -0.22032050156263394, -0.06474826898853259]
[30, 69, 187, 186, 270, -0.327834797909509, -0.9663409735003441]
[24, 72, 188, -0.37101181291647456, -0.7259436374830865]
[22, 87, 189, -0.9612654963882576, -0.34527530942571216]
[27, 84, 190, -0.3005164486300178, -0.7151106617473412]
[29, 92, 191, -0.01681662475111556, -0.09293278306743114]
[46, 99, 192, -0.7021321299833627, -0.6536492226184601]
[41, 103, 193, -0.0823850138346296, -0.5765363745872547]
[58, 98, 194, -0.803648908723301, -0.08743327582796034]
[63, 99, 195, -0.863673368875693, -0.29414804860306387]
[63, 95, 196, 629, 625, 628, 627, -0.7646092912256311, -0.6047201960608986]
[59, 94, 197, 198, -0.6735004284208198, -0.39709808236305555]
[58, 91, 198, 199, 202, 201, 197, 200, 203, -0.7518932269104895, -0.02276847665600612]
[57, 89, 199, 200, 201, 202, 198, 203, -0.5097682932580977, -0.3291654731186663]
[56, 88, 200, 199, 201, 202, 232, 198, 219, -0.9617616892198464, -0.4994142971029275]
[58, 88, 201, 199, 202, 200, 203, 198, 218, -0.5141977701908661, -0.3710986653146724]
[59, 89, 202, 201, 203, 199, 198, 200, -0.5215701192454124, -0.15461339870207258]
[60, 88, 203, 202, 201, 204, 199, 218, 198, -0.19170274298107615, -0.8194883930078178]
[63, 88, 204, 614, 615, 203, 206, 616, 613, -0.3533437351165908, -0.6816511351689406]
[61, 84, 205, 213, 207, 212, 206, 218, 210, 208, 612, -0.16003071881271902, -0.21466026229275548]
[63, 85, 206, 205, 207, 213, 204, 612, 613, 212, -0.6424199852469996, -0.5563320153378756]
[62, 83, 207, 213, 205, 212, 206, 208, 210, 612, 611, 209, 211, 218, 610, -0.5766633773004952, -0.4893009267634728]
[63, 81, 208, 209, 611, 610, 612, 210, 207, 211, 212, 213, 370, 369, 205, 457, -0.8394220286632328, -0.5409532678612125]
[63, 80, 209, 208, 610, 611, 211, 370, 210, 369, 612, 212, 207, 455, 457, 213, 456, -0.7532013061682351, -0.7651558167717676]
[61, 81, 210, 211, 212, 208, 213, 207, 209, 366, 205, 214, 611, 369, 610, 612, 365, 367, 370, -0.6474376852603109, -0.33963698667447284]
[61, 80, 211, 210, 209, 212, 208, 366, 369, 367, 370, 213, 610, 207, 214, 365, 611, 612, -0.763688261019829, -0.7413284491584722]
[61, 82, 212, 210, 213, 207, 205, 211, 208, 209, 612, 214, 611, 206, 218, 366, 610, -0.026180409124417436, -0.1142245349150296]
[61, 83, 213, 205, 207, 212, 210, 206, 208, 218, 211, 612, 209, 214, 611, -0.1964180133760457, -0.39189110340925215]
[58, 81, 214, 215, 365, 363, 366, 216, 362, 210, 221, 211, 212, 364, 367, 213, 217, 361, -0.33789753467458783, -0.5160251658065309]
[56, 81, 215, 221, 214, 216, 223, 362, 222, 363, 220, 344, 365, 217, 224, 361, 364, 226, 366, -0.49248874947830945, -0.47290439602651546]
[56, 83, 216, 217, 215, 220, 221, 214, 219, 223, 226, 218, 222, 224, -0.32957483881311456, -0.8921517819595828]
[56, 84, 217, 216, 219, 220, 215, 218, 221, 226, 214, 223, -0.3086514344300614, -0.43631301958090885]
[59, 85, 218, 205, 213, 201, 203, 217, 207, 212, 216, -0.743461564544045, -0.753004520272212]
[54, 85, 219, 220, 217, 226, 216, 200, -0.7243088650833464, -0.45415285406800854]
[54, 83, 220, 226, 216, 219, 223, 217, 221, 224, 215, 222, 228, 225, -0.5186380314125005, -0.6448327534767783]
[55, 81, 221, 215, 223, 222, 224, 216, 220, 344, 362, 226, 363, 214, 217, 225, 361, 343, 364, 365, -0.1203622188878617, -0.15440599811450872]
[54, 80, 222, 223, 344, 221, 224, 225, 215, 343, 362, 342, 361, 220, 226, 341, 345, 363, 216, 228, 338, 360, 364, -0.1562626302866198, -0.473592241543337]
[54, 81, 223, 221, 222, 224, 215, 220, 344, 225, 226, 216, 362, 228, 343, 217, 342, 361, 363, -0.17742211524318396, -0.4226151942303882]
[53, 81, 224, 223, 222, 225, 221, 226, 220, 228, 344, 215, 343, 227, 342, 216, 338, 362, -0.7708078639975031, -0.7964589810682889]
[52, 80, 225, 224, 222, 342, 223, 228, 338, 343, 344, 227, 221, 226, 229, 339, 341, 220, -0.6336390899305088, -0.24817280747138026]
[53, 83, 226, 220, 224, 219, 223, 228, 221, 216, 217, 222, 225, 227, 215, 230, -0.07452902742337808, -0.2360160112861759]
[50, 82, 227, 228, 229, 225, 230, 224, 226, -0.47624341507865686, -0.37486580434558603]
[51, 82, 228, 227, 224, 225, 226, 229, 220, 223, 230, 222, -0.8892982737344745, -0.8094168853832895]
[49, 81, 229, 227, 228, 253, 225, 338, -0.006992652076436845, -0.5031819664520223]
[50, 85, 230, 231, 227, 249, 228, 248, 226, -0.8918089178234738, -0.31927685161934394]
[49, 86, 231, 230, 248, 249, 250, -0.5118322930671032, -0.30155933543883817]
[53, 89, 232, 233, 200, -0.01274830805278604, -0.002639066051603467]
[52, 90, 233, 232, -0.6758527357837332, -0.8494036652222412]
[52, 94, 234, 235, -0.5831845448490602, -0.010619456706344232]
[50, 95, 235, 234, -0.5966878777958098, -0.46772146426699346]
[46, 92, 236, 237, -0.8418671873237918, -0.9228671758649495]
[47, 92, 237, 236, -0.2156830409208953, -0.17873210169606157]
[42, 88, 238, 239, -0.9167803542124926, -0.9667500316143467]
[42, 89, 239, 238, -0.05400233708497604, -0.35556165545087937]
[41, 95, 240, -0.6319817158092322, -0.46202716770971486]
[32, 82, 241, -0.7627634067659341, -0.9878673293585095]
[41, 80, 242, 243, 264, 246, 265, 263, 244, 245, -0.0691289276992807, -0.3254473914518121]
[42, 80, 243, 242, 263, 264, 244, 246, 265, 245, 252, 251, -0.7670459539745548, -0.68216014929032]
[43, 82, 244, 246, 247, 251, 243, 245, 252, 242, 263, 250, 264, -0.6725442030538787, -0.6322332097813307]
[41, 83, 245, 246, 244, 247, 242, 243, -0.7699715482473548, -0.266942305281345]
[41, 82, 246, 245, 242, 244, 243, 247, 264, 263, -0.8433841611344173, -0.4855314852118876]
[43, 84, 247, 244, 245, 246, 251, 250, 252, -0.06488049836103271, -0.49719544471529376]
[47, 86, 248, 249, 231, 250, 230, -0.8856423097773228, -0.46869607066474495]
[47, 85, 249, 248, 250, 231, 230, 251, -0.6333945600072651, -0.5347414139650424]
[46, 84, 250, 249, 248, 251, 247, 252, 231, 244, -0.5968160527309698, -0.06829254480801228]
[45, 82, 251, 252, 244, 250, 247, 243, 249, 253, 263, -0.6143663318853825, -0.37522388322584277]
[45, 81, 252, 251, 244, 253, 263, 243, 250, 247, -0.8267413303027018, -0.07854936669398715]
[47, 79, 253, 229, 252, 337, 254, 251, 336, -0.45733725570594963, -0.6973442542209088]
[46, 76, 254, 255, 258, 336, 253, 256, 259, 337, -0.5986670953959531, -0.46288873633376304]
[47, 75, 255, 254, 256, 258, 336, 331, 337, 257, 332, 334, -0.11645066495660028, -0.33747018079636215]
[47, 73, 256, 257, 255, 285, 331, 258, 330, 332, 282, 334, 254, 284, 283, 329, 336, -0.49157723622376304, -0.12075258163933578]
[47, 72, 257, 256, 285, 330, 332, 282, 284, 331, 258, 283, 329, 255, 328, 334, 281, 322, 326, -0.9421037377227147, -0.15752987691670195]
[45, 74, 258, 254, 255, 256, 259, 257, 260, 282, 285, -0.48567641494166935, -0.7116203518435614]
[43, 75, 259, 258, 260, 254, 262, 261, 265, -0.11081580236467337, -0.9429510886276029]
[43, 72, 260, 261, 281, 282, 258, 283, 259, 279, 262, 284, -0.29056063497027795, -0.6326595907420544]
[41, 72, 261, 260, 262, 278, 259, 279, 281, -0.02725596090003235, -0.33850977159142215]
[40, 74, 262, 261, 269, 259, 260, 266, -0.5108778743682272, -0.16766576361840868]
[43, 79, 263, 243, 264, 242, 265, 252, 244, 246, 251, -0.753407747193014, -0.6339311169796586]
[41, 79, 264, 242, 265, 243, 263, 246, 244, -0.655016427482072, -0.5705627769940307]
[41, 78, 265, 264, 242, 243, 263, 259, -0.9784304879477898, -0.05768545261287805]
[37, 76, 266, 268, 269, 262, 267, -0.36505870329290524, -0.17356613694973244]
[35, 79, 267, 268, 266, -0.9092608074128017, -0.40922344031311164]
[35, 76, 268, 266, 269, 267, -0.2348031333886238, -0.022962328231013407]
[37, 74, 269, 266, 268, 262, -0.914579591886974, -0.634920237251802]
[33, 69, 270, 271, 187, -0.15174054893535183, -0.9001277035799532]
[34, 68, 271, 270, 272, -0.07782340503369234, -0.4256455368187445]
[37, 67, 272, 273, 271, 277, 274, 278, -0.8478950532485874, -0.7917862719048808]
[38, 66, 273, 272, 277, 274, 177, 275, 278, -0.9382893568758004, -0.03926603772918391]
[39, 64, 274, 177, 176, 273, 275, 277, 147, 178, 272, -0.03493874468754177, -0.7320580000085184]
[41, 65, 275, 277, 274, 276, 147, 273, 280, 287, 146, 176, 177, -0.6928102489258938, -0.3013939161052147]
[43, 64, 276, 146, 275, 287, 288, 147, 150, 289, 290, 277, 286, -0.34453421140728935, -0.8550472540227215]
[40, 66, 277, 275, 273, 274, 280, 278, 272, 177, 276, -0.4430844006746415, -0.9503693198467926]
[40, 69, 278, 280, 277, 279, 261, 272, 273, -0.670263632931382, -0.781516528226248]
[43, 69, 279, 280, 281, 283, 282, 286, 260, 278, 284, 287, 261, -0.0723231128288333, -0.09463420322141369]
[42, 68, 280, 279, 278, 277, 281, 287, 275, 286, 283, -0.7984845623784735, -0.930230318988163]
[44, 70, 281, 283, 279, 282, 284, 260, 280, 285, 286, 257, 261, -0.17788974550812242, -0.5235881657830407]
[45, 71, 282, 283, 281, 284, 285, 257, 260, 256, 279, 258, 330, 328, -0.12788954885625436, -0.4298259579331891]
[45, 70, 283, 281, 282, 284, 279, 285, 257, 260, 286, 328, 330, 256, 280, -0.22314717531761508, -0.06638813066560556]
[46, 70, 284, 283, 282, 285, 281, 257, 328, 330, 329, 256, 279, 286, 326, 260, 293, 327, 332, -0.3689802680945974, -0.3761424809112852]
[47, 71, 285, 257, 330, 284, 256, 282, 283, 328, 329, 332, 326, 331, 281, 322, 258, 325, 327, 334, -0.15819896068441452, -0.3641229224841238]
[45, 67, 286, 287, 288, 290, 279, 283, 293, 280, 281, 284, 289, 276, 291, 328, -0.3301763289116729, -0.12012247575337687]
[44, 66, 287, 286, 288, 276, 290, 280, 289, 275, 279, 291, -0.5693238597575377, -0.45876359075462914]
[45, 65, 288, 290, 287, 289, 286, 276, 291, 146, 293, -0.12964465886672083, -0.25723979742437375]
[46, 64, 289, 290, 291, 288, 287, 145, 276, 144, 286, 292, 139, 143, 146, 293, 294, -0.3691154611320384, -0.05348518748070619]
[46, 65, 290, 288, 289, 291, 286, 287, 293, 292, 276, 294, -0.49710040313401305, -0.7893150261971006]
[47, 64, 291, 289, 290, 288, 292, 143, 294, 144, 297, 139, 145, 293, 286, 287, -0.7707870673041871, -0.7941691887907718]
[49, 65, 292, 294, 297, 291, 293, 295, 296, 142, 143, 290, 298, 327, 289, 324, 119, 323, -0.165542068552325, -0.45285441763249334]
[48, 67, 293, 294, 327, 295, 328, 292, 324, 326, 290, 325, 286, 291, 296, 323, 329, 284, 288, 289, 297, 322, -0.231601539277683, -0.6656414721347604]
[49, 66, 294, 292, 293, 295, 296, 327, 297, 324, 291, 323, 326, 290, 298, 325, 328, 142, 289, 308, -0.6821762586670532, -0.34763054179159236]
[50, 67, 295, 324, 294, 296, 323, 327, 293, 325, 292, 308, 326, 298, 309, 328, 297, 306, 322, 307, 311, 329, 299, 310, 319, -0.8438351736041653, -0.6958408687974886]
[51, 66, 296, 295, 298, 294, 307, 323, 292, 297, 299, 306, 308, 324, 300, 311, 327, 142, 303, 119, 293, 302, 305, 309, 325, 310, 312, 326, -0.09485881485147885, -0.7021049953499896]
[50, 64, 297, 142, 292, 119, 143, 294, 296, 298, 291, 295, 300, 299, 120, 139, 293, 307, -0.40764064653827314, -0.2631524786339525]
[52, 65, 298, 299, 296, 300, 307, 119, 302, 142, 297, 303, 306, 295, 305, 292, 308, 120, 294, 301, 311, 323, 118, 304, 312, 324, -0.9030120457371784, -0.21354590799659956]
[53, 65, 299, 298, 300, 302, 307, 303, 306, 119, 296, 301, 305, 142, 304, 120, 311, 404, 118, 297, 308, 312, 405, 116, 117, 295, 323, 402, -0.9543967051216796, -0.947211545621404]
[53, 64, 300, 299, 119, 298, 302, 120, 301, 307, 118, 142, 303, 117, 296, 121, 297, 306, 405, 116, 305, 404, 115, 304, -0.0428000564713632, -0.7590982195856457]
[55, 64, 301, 405, 116, 302, 404, 117, 300, 115, 118, 299, 303, 120, 307, 403, 304, 406, 108, 114, 119, 298, 305, 402, 407, 121, 306, 399, 401, -0.5960765180661124, -0.5951101190366803]
[54, 65, 302, 299, 303, 300, 301, 307, 298, 305, 404, 304, 306, 405, 116, 119, 402, 118, 312, 117, 120, 296, 311, 403, 115, 142, 308, 401, -0.6168976441637931, -0.2982335294817411]
[54, 66, 303, 302, 305, 307, 299, 304, 306, 312, 298, 300, 301, 311, 402, 404, 308, 405, 296, 403, 310, 313, 401, 116, 119, 309, 323, 394, 395, -0.7247608629189901, -0.9614205052423144]
[55, 67, 304, 305, 402, 303, 312, 306, 313, 401, 302, 307, 311, 394, 395, 403, 404, 299, 310, 393, 301, 315, 400, 308, 314, 396, 399, 405, 298, 300, 309, 318, 407, -0.07879591308090794, -0.42646420123693796]
[54, 67, 305, 303, 304, 306, 312, 307, 311, 302, 402, 299, 308, 310, 313, 298, 309, 394, 404, 314, 401, 296, 300, 301, 315, 318, 323, 395, 403, 319, 393, 405, -0.29842794305985487, -0.993241427138441]
[53, 67, 306, 305, 307, 311, 303, 308, 312, 299, 304, 310, 296, 298, 302, 309, 323, 313, 295, 300, 318, 402, 314, 319, 324, 301, 315, 325, 394, 404, -0.1067714775364611, -0.746661963837617]
[53, 66, 307, 299, 303, 306, 298, 302, 305, 296, 300, 311, 304, 308, 312, 301, 323, 310, 119, 295, 309, 402, 404, 142, 297, 313, 324, 405, -0.9071287382105775, -0.6899612934761055]
[52, 68, 308, 309, 311, 323, 306, 310, 312, 319, 324, 295, 296, 305, 307, 318, 325, 303, 314, 322, 298, 320, 327, 299, 304, 313, 317, 321, 326, 294, 302, 315, 316, 329, -0.17208533085345312, -0.5369810516871211]
[52, 69, 309, 308, 310, 319, 311, 318, 323, 320, 325, 306, 312, 314, 317, 321, 322, 324, 295, 305, 316, 313, 326, 296, 307, 315, 327, 329, 333, 303, 304, 349, -0.9601740123548945, -0.48433188727850873]
[53, 69, 310, 309, 311, 318, 308, 312, 314, 319, 306, 313, 317, 305, 315, 316, 320, 323, 304, 321, 307, 325, 394, 303, 322, 324, 349, 295, 296, 333, 392, 402, -0.7923607588527634, -0.7075334977068549]
[53, 68, 311, 306, 308, 310, 312, 305, 309, 307, 318, 323, 303, 304, 313, 314, 319, 296, 315, 299, 317, 324, 295, 298, 302, 316, 320, 325, 394, 402, 321, 322, -0.31587009704746094, -0.11634221546759749]
[54, 68, 312, 305, 311, 304, 306, 310, 313, 303, 308, 314, 307, 309, 315, 318, 394, 402, 319, 302, 316, 323, 395, 299, 317, 393, 401, 296, 298, 320, 392, 403, 404, -0.3532471149203136, -0.6046892963086132]
[55, 69, 313, 315, 394, 312, 314, 304, 310, 393, 305, 311, 316, 318, 392, 395, 402, 306, 317, 401, 309, 303, 308, 319, 349, 350, 390, 396, 307, 320, 353, 391, 400, 403, -0.8200961041893393, -0.5756209521721727]
[54, 70, 314, 315, 316, 318, 310, 313, 317, 312, 319, 349, 309, 311, 320, 392, 394, 308, 350, 305, 304, 306, 321, 393, 323, 333, 351, 353, 395, 402, -0.8187282515332336, -0.2899282325360165]
[55, 70, 315, 313, 314, 316, 392, 394, 318, 310, 312, 317, 349, 350, 393, 311, 353, 395, 304, 319, 390, 305, 309, 320, 351, 391, 402, 306, 308, 352, 354, 396, 401, -0.25134485959180564, -0.6323000513686504]
[54, 71, 316, 314, 317, 349, 315, 318, 320, 392, 310, 313, 319, 350, 309, 351, 394, 312, 321, 311, 333, 348, 353, 308, 352, 393, -0.7587037460216846, -0.3951649371114764]
[53, 71, 317, 316, 318, 320, 314, 319, 349, 310, 321, 309, 315, 333, 313, 311, 348, 392, 308, 312, 322, 350, 323, 325, 334, 335, 351, 394, -0.5163523660410375, -0.3967966982887139]
[53, 70, 318, 310, 314, 317, 319, 309, 316, 320, 311, 315, 308, 312, 313, 321, 349, 323, 333, 306, 322, 305, 325, 392, 394, 304, 324, 350, -0.43968837825215723, -0.3445287847683516]
[52, 70, 319, 309, 318, 320, 310, 317, 321, 308, 314, 322, 311, 316, 323, 325, 333, 312, 324, 349, 315, 329, 306, 313, 326, 295, 305, 327, 332, 334, -0.30512205221881383, -0.46904499239545994]
[52, 71, 320, 317, 319, 321, 318, 333, 309, 316, 310, 314, 322, 349, 325, 334, 308, 311, 315, 323, 329, 332, 335, 348, 312, 313, 324, 326, 331, -0.5504319141243722, -0.006987352564822302]
[51, 71, 321, 320, 333, 319, 322, 317, 309, 318, 325, 329, 332, 334, 310, 326, 331, 316, 323, 330, 335, 308, 314, 324, 349, 311, 327, 328, 348, -0.17918423149889418, -0.6683564061944225]
[50, 70, 322, 325, 329, 321, 326, 319, 324, 309, 320, 323, 327, 328, 330, 332, 333, 308, 295, 318, 334, 285, 310, 317, 331, 257, 293, 311, -0.9546687846481905, -0.24779272701639476]
[51, 68, 323, 308, 324, 295, 309, 325, 296, 311, 327, 306, 310, 319, 322, 326, 294, 307, 318, 329, 312, 321, 293, 298, 305, 320, 328, 292, 299, 303, 314, 317, -0.03844291571348102, -0.8004445954052114]
[50, 68, 324, 295, 323, 325, 327, 326, 308, 322, 293, 294, 296, 309, 328, 329, 319, 311, 292, 306, 310, 321, 298, 307, 318, 320, 330, -0.43326494097486046, -0.5316012239045456]
[50, 69, 325, 322, 324, 326, 323, 327, 329, 295, 309, 328, 308, 319, 321, 293, 320, 330, 310, 294, 296, 311, 318, 332, 333, 285, 306, 317, -0.6489007459259069, -0.7514757927815627]
[49, 69, 326, 325, 327, 328, 329, 322, 324, 293, 295, 323, 330, 285, 321, 294, 309, 332, 284, 308, 319, 257, 296, 320, 333, -0.19723741159475583, -0.4389227761162807]
[49, 68, 327, 324, 326, 293, 295, 325, 328, 294, 323, 329, 322, 296, 292, 308, 309, 330, 284, 285, 319, 321, -0.1729382447997353, -0.8754590609066327]
[48, 69, 328, 326, 327, 329, 293, 325, 330, 284, 285, 322, 324, 295, 257, 283, 294, 323, 332, 282, 286, 321, -0.49788167813998374, -0.33492722610676884]
[49, 70, 329, 322, 326, 325, 328, 330, 327, 332, 285, 321, 324, 257, 323, 333, 284, 319, 331, 293, 295, 309, 320, 334, 256, 308, -0.6871257436302973, -0.7026250510655763]
[48, 71, 330, 285, 257, 329, 332, 328, 256, 284, 322, 326, 331, 325, 334, 282, 321, 283, 327, 333, 324, -0.8908646223378153, -0.8816331476566299]
[49, 73, 331, 332, 334, 256, 257, 330, 333, 335, 255, 285, 321, 329, 336, 322, 320, -0.34258156409233465, -0.8204348461403093]
[49, 72, 332, 331, 330, 334, 257, 329, 333, 256, 285, 321, 322, 335, 326, 320, 325, 328, 255, 284, 319, -0.947575458972495, -0.8083422086867216]
[51, 72, 333, 321, 320, 334, 332, 335, 317, 319, 322, 331, 318, 329, 348, 349, 309, 316, 325, 330, 310, 314, 326, -0.8925324335639333, -0.9245176687605287]
[50, 73, 334, 331, 332, 333, 335, 321, 320, 330, 256, 322, 257, 329, 336, 348, 255, 285, 317, 319, -0.11375296275681535, -0.8368976787325936]
[51, 74, 335, 334, 333, 348, 331, 332, 336, 340, 321, 339, 320, 347, 317, 337, 341, 349, -0.020635535866744492, -0.8984952693642624]
[49, 76, 336, 337, 255, 339, 335, 338, 254, 331, 334, 253, 256, 342, -0.5106194040739606, -0.34733008768459395]
[49, 77, 337, 336, 339, 338, 253, 255, 254, 342, 335, -0.9395415730467827, -0.805410130636331]
[51, 78, 338, 339, 342, 343, 225, 337, 341, 336, 340, 344, 222, 224, 229, -0.6094638660800872, -0.5788623070793608]
[51, 77, 339, 338, 342, 337, 341, 336, 340, 343, 335, 225, 344, 347, 348, -0.7611236799707379, -0.40492530146956895]
[53, 76, 340, 341, 347, 343, 348, 339, 342, 345, 346, 335, 338, 344, 360, 361, -0.3072661234711809, -0.7070059873780571]
[53, 77, 341, 340, 343, 342, 339, 345, 338, 344, 347, 346, 348, 360, 222, 225, 361, 335, 362, -0.30662940001040495, -0.1895279953542781]
[52, 78, 342, 338, 343, 339, 341, 225, 340, 344, 222, 224, 337, 345, 223, 336, 347, -0.5439557763897722, -0.607162760297868]
[53, 78, 343, 341, 342, 344, 338, 340, 222, 225, 339, 345, 224, 361, 223, 347, 360, 362, 221, 346, -0.019737732764537164, -0.5801382197202786]
[54, 79, 344, 222, 343, 223, 362, 221, 224, 225, 341, 342, 345, 361, 215, 360, 363, 338, 340, 364, 339, -0.3326063733197464, -0.3273839585278244]
[55, 77, 345, 360, 361, 341, 346, 340, 343, 344, 347, 359, 362, 364, 363, 222, 342, 368, 348, 357, 358, 365, -0.23160888687624426, -0.34052715021848545]
[55, 75, 346, 347, 345, 340, 348, 351, 358, 359, 360, 341, 352, 357, 349, 350, 361, 368, 343, 353, 356, 364, -0.7823220285950775, -0.3976935722569669]
[54, 75, 347, 346, 340, 348, 341, 345, 351, 360, 349, 335, 343, 358, 359, 339, 342, 350, 352, 361, -0.7142162705662652, -0.7938019269304417]
[53, 74, 348, 347, 335, 340, 346, 349, 333, 317, 341, 316, 320, 334, 351, 321, 339, 345, 350, -0.9646826310477132, -0.7441598463546565]
[54, 72, 349, 316, 317, 314, 350, 315, 318, 320, 348, 351, 392, 319, 333, 347, 353, 310, 313, 321, 346, 352, 309, 335, 358, 394, -0.8138595473134153, -0.4027652353171066]
[56, 72, 350, 351, 353, 392, 352, 349, 354, 315, 316, 356, 358, 391, 314, 390, 355, 394, 313, 317, 346, 388, 393, 318, 347, 348, 357, 389, -0.6971299005316776, -0.010136585846848956]
[56, 73, 351, 350, 352, 353, 358, 356, 392, 346, 349, 354, 316, 347, 357, 391, 315, 348, 355, 359, 314, 317, 368, 388, 390, -0.7519885957056653, -0.9214200445407773]
[57, 73, 352, 351, 353, 356, 358, 350, 354, 355, 357, 391, 392, 346, 388, 359, 349, 368, 390, 315, 316, 347, 374, 389, -0.8157457168929647, -0.8633939255106806]
[57, 72, 353, 350, 352, 354, 351, 356, 391, 392, 355, 358, 388, 390, 315, 389, 349, 393, 316, 357, 394, 313, 314, 346, 386, -0.820486407033091, -0.9722003970379465]
[58, 72, 354, 353, 355, 356, 391, 352, 388, 350, 390, 351, 358, 389, 392, 386, 357, 376, 375, 393, 315, 374, 385, 387, 394, -0.8085264936542873, -0.1204675758774767]
[59, 72, 355, 354, 388, 356, 391, 353, 376, 389, 352, 375, 386, 390, 358, 387, 350, 377, 351, 357, 374, 380, 385, 392, 382, 393, -0.7457604844055671, -0.14117725571434847]
[58, 73, 356, 352, 354, 353, 355, 358, 351, 357, 391, 350, 388, 374, 392, 368, 375, 390, 359, 376, 389, 346, 386, -0.305560391887591, -0.8097197404306072]
[58, 75, 357, 368, 358, 359, 356, 374, 352, 351, 360, 346, 354, 353, 355, 364, 367, 345, 350, 361, 375, -0.1556712484999776, -0.8175174253702705]
[57, 74, 358, 352, 351, 356, 357, 353, 359, 346, 350, 354, 368, 355, 347, 360, 374, 391, 392, 345, 349, 388, -0.07747949499956375, -0.6719083476552473]
[57, 76, 359, 368, 357, 360, 358, 364, 345, 346, 361, 367, 352, 363, 347, 351, 356, 362, 365, 374, 366, -0.37635750203145657, -0.09875420186207562]
[56, 77, 360, 345, 361, 359, 364, 362, 346, 363, 368, 344, 347, 357, 365, 341, 340, 343, 358, 367, 222, 366, -0.07659337000241928, -0.20053435135250153]
[56, 78, 361, 360, 362, 364, 345, 363, 344, 359, 365, 222, 368, 215, 343, 367, 221, 341, 346, 366, 214, 223, 340, 347, 357, -0.5026074331312669, -0.36789994091183165]
[56, 79, 362, 361, 363, 364, 215, 344, 360, 365, 221, 222, 345, 214, 223, 366, 343, 359, 367, 224, 341, 368, -0.5079589359730466, -0.3035457417392139]
[57, 79, 363, 362, 364, 365, 361, 366, 214, 215, 360, 367, 221, 345, 344, 359, 222, 368, 223, -0.2451158183095642, -0.6171974488787805]
[57, 78, 364, 361, 363, 360, 362, 365, 359, 367, 345, 366, 368, 214, 215, 344, 357, 221, 222, 346, -0.11606078858037128, -0.5088249024284536]
[58, 79, 365, 363, 366, 364, 367, 214, 362, 361, 215, 360, 368, 211, 359, 210, 221, 345, -0.8977938390569089, -0.48797842035581573]
[59, 79, 366, 365, 367, 363, 211, 214, 364, 210, 362, 361, 368, 369, 212, 215, 359, 360, -0.9006375481812677, -0.6095331784415977]
[59, 78, 367, 366, 365, 364, 363, 368, 211, 359, 361, 369, 214, 357, 360, 362, 374, 210, 371, -0.31502789895646877, -0.9145048728045835]
[58, 76, 368, 357, 359, 358, 360, 364, 367, 374, 361, 356, 365, 345, 346, 352, 363, 366, 351, 362, -0.3624273381952495, -0.004401552970198175]
[62, 78, 369, 370, 371, 209, 211, 372, 455, 610, 367, 373, 208, 210, 366, 374, 454, 611, -0.38102313538346155, -0.26705545984830237]
[63, 78, 370, 369, 455, 209, 372, 371, 610, 211, 454, 208, 456, 373, 457, 611, 210, -0.29324718931980454, -0.1697433678153284]
[62, 76, 371, 372, 373, 369, 370, 374, 455, 453, 454, 375, 367, 446, 452, -0.4883341785021216, -0.7568188781122983]
[63, 76, 372, 371, 373, 455, 370, 454, 369, 453, 452, 374, 446, 375, 449, 456, -0.7407579928896301, -0.10903378536051589]
[62, 75, 373, 371, 372, 374, 375, 453, 446, 455, 369, 377, 370, 376, 378, 452, 454, -0.41437595814710326, -0.31527993461056636]
[60, 75, 374, 357, 373, 368, 371, 375, 356, 355, 358, 359, 367, 372, 376, 352, 354, 369, 377, -0.59958028355634, -0.8907035487996258]
[61, 73, 375, 376, 377, 355, 373, 374, 378, 380, 379, 388, 356, 387, 446, 354, 371, 386, 453, 357, 372, 381, 389, 391, 445, -0.4332564877751348, -0.11559769412229914]
[61, 72, 376, 375, 377, 380, 355, 378, 387, 379, 386, 388, 381, 389, 354, 382, 356, 373, 374, 385, 391, 445, 446, 390, 453, -0.7602389094817185, -0.3153095953544748]
[62, 72, 377, 376, 378, 380, 375, 379, 381, 387, 445, 446, 386, 453, 355, 373, 382, 388, 374, 385, 389, 443, 444, 452, -0.14105408821582166, -0.19515510522935342]
[63, 72, 378, 377, 379, 380, 445, 446, 376, 381, 375, 453, 387, 444, 452, 447, 373, 443, 382, 386, 436, 440, 449, -0.27955427496745466, -0.18335152422220202]
[63, 71, 379, 378, 380, 381, 445, 377, 376, 387, 443, 444, 446, 375, 382, 440, 386, 436, 442, 447, 453, 383, 385, 439, 441, 452, -0.4886645348609241, -0.051654067431724626]
[62, 71, 380, 377, 379, 376, 378, 381, 387, 445, 375, 382, 386, 385, 443, 446, 388, 355, 383, 389, 444, 384, 440, 442, 453, -0.47253937205342444, -0.0063710497179290115]
[63, 70, 381, 379, 380, 443, 445, 378, 387, 444, 377, 382, 440, 442, 376, 383, 441, 386, 436, 385, 413, 439, 446, 375, 384, 418, 447, -0.3027244049917124, -0.972055020502024]
[61, 69, 382, 383, 385, 387, 384, 386, 380, 381, 389, 397, 413, 379, 388, 376, 443, 377, 390, 396, 411, 412, 442, 355, 378, 391, 398, 400, 445, -0.1522105715862817, -0.017466942005817443]
[61, 68, 383, 382, 384, 385, 413, 387, 397, 386, 411, 412, 381, 389, 398, 396, 410, 442, 380, 400, 443, 379, 388, 390, 399, -0.8818663904294418, -0.7755035771621551]
[60, 68, 384, 383, 385, 397, 382, 386, 396, 411, 387, 389, 398, 400, 413, 390, 399, 412, 395, 388, 393, 401, 410, 380, 381, 391, 403, 407, -0.49293951936815794, -0.44748118205657994]
[60, 69, 385, 382, 384, 386, 383, 387, 389, 397, 388, 390, 396, 380, 391, 400, 413, 393, 411, 355, 376, 381, 395, 398, 354, 377, 379, 399, 401, 412, -0.44751305767143645, -0.9758516008590705]
[60, 70, 386, 385, 387, 389, 382, 388, 384, 390, 355, 376, 380, 383, 391, 397, 354, 377, 396, 381, 375, 379, 393, 353, 356, 378, 395, 400, 413, -0.4233304594722501, -0.4216225969675941]
[61, 70, 387, 382, 386, 380, 385, 376, 381, 383, 389, 377, 379, 384, 388, 355, 378, 397, 375, 390, 391, 413, 443, 445, 354, 396, 442, -0.9695151507407087, -0.6750837257388493]
[59, 71, 388, 355, 389, 391, 354, 386, 390, 353, 356, 376, 385, 387, 352, 375, 382, 393, 380, 392, 397, 350, 377, 384, 396, 351, 358, 383, 394, 395, -0.7769039127790964, -0.6569130226910347]
[59, 70, 389, 386, 388, 390, 385, 391, 355, 387, 397, 354, 382, 384, 393, 396, 353, 376, 383, 395, 356, 380, 392, 394, 400, 350, 352, 375, 377, 401, -0.6735935093250693, -0.7218373044781776]
[58, 70, 390, 389, 391, 388, 393, 354, 386, 396, 353, 355, 385, 392, 394, 395, 397, 350, 384, 315, 356, 387, 400, 313, 352, 382, 401, 351, 376, 383, 402, -0.9600483644479633, -0.26912683881871224]
[58, 71, 391, 354, 388, 390, 353, 355, 389, 356, 392, 350, 352, 386, 393, 351, 385, 394, 396, 315, 358, 376, 387, 395, 397, 313, 375, 382, 384, -0.9711262328679463, -0.3461124592860204]
[56, 71, 392, 350, 315, 353, 316, 351, 391, 394, 313, 314, 349, 352, 354, 390, 393, 356, 317, 388, 318, 355, 358, 389, 395, 310, 312, 396, -0.3480594797665987, -0.004082225305956699]
[57, 69, 393, 394, 395, 390, 396, 313, 401, 315, 389, 391, 392, 397, 400, 402, 304, 388, 353, 385, 403, 312, 314, 350, 354, 384, 386, 399, 305, 316, 355, 398, -0.5876465556026476, -0.517344708393123]
[56, 69, 394, 313, 393, 315, 395, 392, 402, 304, 312, 314, 390, 396, 401, 305, 316, 391, 400, 310, 350, 311, 318, 353, 389, 397, 403, 303, 306, 317, 349, 354, 388, 399, -0.3585108391009031, -0.4311582016023573]
[57, 68, 395, 393, 396, 401, 394, 400, 402, 397, 403, 304, 313, 390, 399, 315, 389, 398, 312, 384, 305, 385, 391, 392, 404, 407, 303, 314, 386, 388, 411, -0.874419545469579, -0.12287519140721725]
[58, 68, 396, 395, 397, 400, 393, 401, 384, 390, 399, 385, 389, 394, 398, 402, 403, 386, 411, 383, 391, 407, 304, 313, 382, 388, 315, 387, 392, 404, -0.4140218799597801, -0.5525358228166096]
[59, 68, 397, 384, 396, 385, 400, 383, 389, 395, 398, 382, 386, 390, 393, 399, 401, 411, 387, 403, 388, 391, 394, 402, 407, 413, 410, 412, -0.7509369116751073, -0.01034623153948544]
[59, 66, 398, 399, 411, 400, 407, 397, 403, 408, 384, 396, 401, 406, 410, 383, 395, 409, 107, 412, 106, 108, 385, 402, 404, 413, 382, 393, 405, 414, -0.9136398486863284, -0.5982662823298737]
[58, 66, 399, 398, 400, 403, 407, 401, 396, 406, 411, 395, 397, 402, 404, 408, 384, 405, 108, 107, 304, 393, 410, 106, 116, 301, 383, 385, 394, 409, -0.3250138028996038, -0.7803024945659067]
[58, 67, 400, 396, 399, 401, 395, 397, 398, 403, 402, 407, 384, 393, 411, 385, 394, 404, 304, 390, 406, 383, 389, 408, 313, 382, 386, 405, 410, -0.29674898806064476, -0.27204401510705556]
[57, 67, 401, 395, 400, 402, 403, 396, 399, 304, 393, 394, 397, 398, 404, 407, 313, 305, 303, 312, 384, 390, 405, 406, 411, 301, 302, 315, 385, 389, 408, -0.23621841883264694, -0.10263573590932928]
[56, 67, 402, 304, 401, 395, 403, 305, 394, 400, 404, 303, 312, 313, 393, 396, 399, 302, 407, 306, 405, 301, 307, 311, 315, 397, 398, 299, 310, 314, 390, 406, -0.7759409855366, -0.8921751361719169]
[57, 66, 403, 399, 401, 400, 402, 404, 407, 395, 398, 304, 396, 405, 406, 301, 397, 408, 303, 393, 411, 108, 116, 302, 305, 394, 107, 312, 313, 384, -0.1316776698093841, -0.795946178590675]
[56, 65, 404, 405, 301, 403, 116, 302, 402, 407, 303, 304, 399, 401, 406, 108, 305, 400, 115, 299, 117, 300, 307, 395, 398, 408, 107, 118, 306, 312, 396, -0.5455120571418443, -0.6721477705241209]
[56, 64, 405, 116, 301, 404, 115, 406, 108, 117, 302, 403, 407, 118, 303, 399, 114, 300, 402, 408, 107, 299, 304, 401, 112, 120, 305, 307, 398, 400, -0.3104121204626046, -0.05729562717569636]
[58, 64, 406, 108, 407, 408, 107, 399, 405, 106, 116, 398, 403, 404, 115, 411, 112, 301, 400, 409, 109, 401, 410, 100, 114, 117, 402, -0.3224808922791883, -0.26827251453325107]
[58, 65, 407, 399, 406, 398, 403, 408, 108, 400, 404, 107, 401, 405, 411, 106, 116, 402, 396, 410, 301, 395, 397, 409, 115, 304, 384, -0.5188886372341285, -0.9512918400218324]
[59, 64, 408, 107, 406, 106, 108, 407, 398, 409, 399, 410, 411, 403, 109, 405, 414, 100, 105, 112, 116, 400, 404, 101, 115, 401, 412, -0.9998076137252662, -0.36782178471837623]
[61, 64, 409, 410, 414, 105, 106, 408, 104, 107, 411, 412, 103, 398, 101, 406, 100, 108, 407, 413, 417, 109, 399, 723, -0.8212283323881082, -0.17380224646025932]
[61, 65, 410, 409, 411, 412, 414, 105, 106, 398, 408, 413, 104, 107, 383, 407, 417, 384, 399, 406, 103, 108, 397, 400, -0.5261320755089925, -0.17762480905461075]
[60, 66, 411, 398, 410, 384, 399, 412, 383, 397, 400, 407, 408, 409, 413, 396, 406, 414, 106, 385, 403, 107, 382, 401, 105, 108, 395, -0.46564067182823976, -0.7181580798138886]
[62, 66, 412, 413, 410, 411, 414, 383, 409, 417, 384, 442, 105, 398, 104, 382, 416, 418, 106, 385, 397, 408, 415, 441, 443, -0.7070677018063389, -0.046468781394379266]
[62, 67, 413, 412, 383, 382, 384, 410, 411, 442, 385, 417, 443, 414, 418, 381, 387, 397, 398, 409, 441, 386, 416, 440, -0.4982379485874098, -0.5563885455692106]
[62, 64, 414, 105, 409, 104, 410, 412, 103, 106, 417, 411, 723, 408, 413, 415, 101, 107, 416, 100, 398, -0.4046654577490473, -0.020431014673609194]
[65, 64, 415, 416, 417, 104, 419, 420, 721, 722, 723, 103, 414, 418, 105, 720, 724, 412, 718, -0.29537856916924143, -0.6284976087607613]
[65, 65, 416, 415, 417, 419, 418, 420, 104, 721, 441, 412, 414, 442, 722, 723, 103, 105, 413, 426, 438, 720, -0.5878045180714833, -0.8977360586222276]
[64, 65, 417, 416, 415, 104, 412, 414, 418, 419, 105, 413, 410, 420, 442, 723, 103, 409, 441, 721, 722, -0.9685730162206747, -0.045413148655404134]
[65, 67, 418, 441, 419, 442, 416, 440, 417, 438, 439, 443, 420, 413, 415, 426, 444, 412, 427, 436, 381, 428, 437, -0.3685865340758362, -0.9779601002967453]
[66, 66, 419, 416, 418, 420, 415, 417, 426, 438, 441, 427, 442, 425, 439, 421, 424, 440, 721, 422, 428, 429, 443, 720, -0.7860478082348865, -0.4269879949726042]
[67, 65, 420, 419, 416, 421, 721, 415, 422, 425, 426, 720, 418, 424, 719, 417, 438, 427, 718, 722, 423, 429, 441, 711, -0.07057425349506197, -0.6217308398994833]
[69, 65, 421, 422, 425, 420, 424, 719, 423, 426, 711, 720, 710, 721, 429, 419, 427, 430, 718, 431, 438, 509, 709, 712, -0.7135635179530082, -0.8724363968888653]
[69, 64, 422, 421, 719, 711, 720, 425, 420, 710, 718, 721, 712, 424, 714, 423, 426, 709, 717, 419, 708, 713, 722, -0.8569022834499479, -0.12294942129829822]
[70, 67, 423, 424, 430, 425, 429, 431, 426, 509, 421, 427, 503, 428, 508, 422, 434, 438, 420, -0.8478664334180427, -0.21436131899189714]
[69, 67, 424, 423, 425, 426, 429, 427, 430, 421, 428, 431, 438, 420, 422, 434, 509, 419, 503, 437, 439, -0.3203408940169744, -0.24199634237079293]
[69, 66, 425, 421, 424, 423, 426, 422, 429, 420, 427, 430, 431, 438, 419, 719, 428, 509, 711, 720, 503, 710, 721, -0.7250466646057651, -0.5976003721294207]
[68, 67, 426, 424, 427, 425, 429, 438, 423, 428, 419, 420, 421, 430, 439, 418, 422, 431, 434, 437, 441, 416, 436, 440, -0.837392088713007, -0.4521775802147401]
[68, 68, 427, 426, 428, 429, 438, 424, 430, 423, 425, 434, 437, 439, 419, 436, 431, 435, 441, 418, 420, 421, 440, 433, 444, -0.38253027535620376, -0.12973063879014168]
[68, 69, 428, 427, 429, 434, 437, 438, 426, 435, 439, 424, 430, 436, 423, 433, 440, 471, 425, 431, 441, 444, 472, 418, 419, 432, 447, -0.5565138185459951, -0.7413186311990697]
[69, 68, 429, 424, 427, 430, 423, 426, 428, 425, 431, 434, 438, 437, 421, 503, 433, 435, 439, 509, 419, 420, 432, 436, -0.5903378499634563, -0.4469370183109448]
[70, 68, 430, 423, 429, 431, 424, 427, 503, 425, 426, 428, 434, 509, 433, 438, 421, 432, 508, 435, 437, -0.9668848896509907, -0.18610815171548578]
[71, 68, 431, 430, 503, 423, 509, 429, 424, 508, 425, 434, 427, 432, 504, 426, 428, 433, 421, 502, -0.8645962196089025, -0.7546099128095842]
[71, 71, 432, 433, 474, 473, 434, 472, 469, 475, 431, 435, 430, 471, 476, 482, 502, 503, 428, 429, 468, 470, -0.36363284909772076, -0.7717769263147334]
[70, 71, 433, 432, 434, 472, 435, 469, 471, 473, 474, 428, 470, 430, 429, 431, 437, 468, 427, 448, 467, 475, 482, 503, -0.4323733180478021, -0.3195203538525163]
[69, 70, 434, 428, 433, 435, 429, 437, 472, 427, 430, 432, 471, 431, 438, 424, 436, 469, 423, 426, 439, 470, 447, 448, 473, 474, 503, -0.30182456068854746, -0.3399347403110503]
[68, 71, 435, 471, 434, 437, 472, 428, 433, 470, 436, 447, 448, 469, 439, 427, 432, 467, 429, 438, 444, 450, 468, 430, 440, 449, 473, -0.3682786986130111, -0.08857782010756354]
[66, 70, 436, 437, 439, 444, 440, 447, 428, 435, 438, 441, 443, 445, 427, 442, 471, 381, 434, 379, 418, 448, 378, 426, 429, 446, 470, 472, -0.44633048676310894, -0.0003754898011613106]
[67, 70, 437, 436, 428, 435, 439, 434, 438, 444, 427, 440, 447, 471, 429, 441, 472, 448, 426, 433, 443, 445, 470, 418, 424, 430, 442, 469, -0.12061541576386847, -0.026389132474150756]
[67, 68, 438, 427, 426, 428, 439, 429, 437, 441, 418, 419, 424, 436, 440, 425, 434, 444, 420, 430, 442, 423, 435, 443, 416, 421, -0.36436303414047144, -0.6634711732375821]
[66, 69, 439, 436, 440, 437, 438, 441, 444, 428, 443, 418, 427, 442, 426, 435, 445, 419, 447, 381, 429, 434, 379, 424, 471, -0.9086570128759791, -0.9803606366892188]
[65, 69, 440, 439, 441, 443, 444, 436, 442, 418, 381, 437, 438, 445, 379, 428, 419, 427, 447, 378, 380, 413, 426, 435, -0.896851219146423, -0.5459568168571926]
[65, 68, 441, 418, 440, 442, 439, 443, 438, 444, 419, 436, 381, 437, 416, 427, 413, 417, 426, 428, 445, 379, 412, 420, -0.3852425246923099, -0.10707490648791185]
[64, 68, 442, 441, 443, 418, 440, 381, 413, 439, 444, 412, 419, 436, 383, 417, 438, 445, 379, 382, 416, 380, 387, 437, -0.6769098887928264, -0.2760649902639367]
[64, 69, 443, 440, 442, 381, 441, 444, 439, 445, 379, 418, 436, 380, 413, 382, 378, 383, 387, 437, 438, 377, 412, 419, 447, -0.3710720848934397, -0.10277993649422568]
[65, 70, 444, 436, 440, 439, 443, 445, 381, 437, 441, 379, 442, 447, 378, 438, 418, 380, 428, 435, 446, 377, 427, 448, 471, -0.39159580857392995, -0.38019184492566493]
[64, 71, 445, 379, 378, 381, 444, 380, 443, 446, 377, 436, 440, 447, 439, 442, 453, 376, 387, 437, 441, 452, 375, 382, 448, 449, -0.6523117281212303, -0.02185514957806689]
[64, 73, 446, 453, 378, 452, 445, 377, 379, 447, 449, 373, 380, 375, 448, 372, 376, 381, 444, 450, 454, 371, 436, 451, -0.6649032259225702, -0.5006865101161792]
[66, 72, 447, 448, 436, 449, 471, 435, 437, 444, 445, 446, 450, 452, 470, 453, 467, 378, 439, 472, 379, 440, 451, 469, 381, 428, 434, 443, 466, 468, -0.5432450312372269, -0.1364485330396682]
[67, 73, 448, 450, 470, 447, 449, 467, 471, 451, 469, 435, 452, 466, 468, 472, 465, 437, 446, 458, 436, 453, 433, 434, 444, 445, 454, 459, -0.17860421206844956, -0.4812494172450734]
[66, 74, 449, 450, 452, 448, 451, 447, 453, 467, 446, 454, 458, 466, 470, 471, 468, 465, 469, 372, 378, 435, 445, 455, 459, 461, 472, -0.19921807296474547, -0.5840093049630609]
[67, 74, 450, 448, 449, 451, 467, 466, 470, 452, 458, 468, 447, 465, 469, 471, 454, 459, 472, 453, 435, 446, 461, 460, -0.4475155824524941, -0.22070540209968725]
[67, 75, 451, 450, 458, 466, 449, 467, 448, 465, 452, 454, 459, 461, 468, 470, 460, 469, 447, 453, 456, 471, 446, 455, 462, 472, -0.5970552019947718, -0.3611275138234117]
[65, 74, 452, 449, 453, 446, 450, 454, 447, 448, 451, 372, 378, 458, 467, 373, 445, 455, 466, 470, 371, 377, 379, 471, -0.8810774495888519, -0.20281959247479842]
[64, 74, 453, 446, 452, 449, 372, 373, 378, 454, 371, 377, 447, 445, 450, 455, 375, 379, 448, 451, 376, 380, 458, -0.26745925637790235, -0.2375853570831341]
[65, 76, 454, 455, 372, 452, 458, 449, 451, 453, 456, 370, 450, 371, 373, 446, 457, 461, 466, 369, 448, 467, -0.783444356495398, -0.22960627605744854]
[64, 77, 455, 370, 372, 454, 369, 371, 456, 373, 457, 453, 610, 209, 452, 458, 449, 451, -0.4105538175076773, -0.8144126344240102]
[66, 78, 456, 457, 454, 455, 458, 461, 610, 370, 462, 451, 460, 209, 372, 459, 466, 607, 608, 611, -0.8432419772763323, -0.9519504725746598]
[66, 79, 457, 456, 610, 455, 461, 608, 611, 209, 370, 454, 458, 462, 607, 208, 460, 606, 609, 612, -0.7653139645147529, -0.668274252903566]
[67, 76, 458, 451, 461, 466, 450, 454, 459, 449, 456, 460, 465, 467, 452, 462, 468, 448, 455, 457, 470, 453, 463, 469, -0.8424815052832948, -0.7962763436722399]
[69, 76, 459, 460, 465, 461, 466, 458, 462, 468, 451, 463, 464, 467, 450, 469, 470, 483, 448, 449, 456, 473, 482, -0.3058661015956692, -0.5542578375473026]
[69, 77, 460, 459, 461, 462, 463, 465, 458, 466, 451, 464, 468, 607, 456, 467, 605, 450, 457, 483, -0.7903515678548535, -0.5849476144273029]
[68, 77, 461, 460, 458, 459, 462, 466, 451, 456, 463, 465, 457, 467, 450, 454, 468, 607, 449, 464, 605, -0.8722836023439771, -0.6663934042283498]
[69, 78, 462, 460, 463, 461, 459, 607, 605, 458, 456, 465, 606, 457, 466, 608, 451, 464, 604, -0.3372180315233708, -0.940015098465911]
[70, 78, 463, 462, 460, 605, 459, 461, 607, 485, 464, 465, 484, 604, 606, 458, 466, 483, 591, 608, -0.2664979215567992, -0.6029759626489237]
[71, 75, 464, 483, 482, 465, 473, 481, 459, 468, 460, 469, 475, 484, 466, 480, 463, 467, 474, 461, 462, 470, 472, 485, -0.48399629243824227, -0.22783062575215285]
[69, 75, 465, 459, 466, 468, 467, 451, 460, 464, 469, 450, 458, 461, 470, 448, 473, 462, 472, 483, 449, 463, 471, 482, -0.6539107377177488, -0.6190479210567604]
[68, 75, 466, 451, 465, 467, 450, 458, 459, 468, 461, 470, 448, 449, 460, 469, 464, 471, 452, 454, 462, 472, 447, 456, 463, 473, -0.29391617884774957, -0.8239402023251575]
[68, 74, 467, 450, 466, 468, 470, 448, 451, 465, 469, 449, 471, 458, 459, 472, 447, 435, 452, 461, 460, 464, 473, 433, 454, -0.7199390778755248, -0.9930127423339716]
[69, 74, 468, 465, 467, 469, 466, 470, 450, 459, 472, 448, 451, 464, 471, 473, 458, 449, 460, 482, 433, 435, 461, 483, 432, 447, 474, -0.4395543134963348, -0.20185958440801055]
[69, 73, 469, 468, 470, 472, 467, 471, 448, 465, 473, 433, 435, 450, 466, 432, 451, 464, 434, 459, 447, 449, 474, 482, 437, 458, 483, -0.21768918429118744, -0.3831976089550484]
[68, 73, 470, 448, 467, 469, 471, 450, 468, 472, 435, 466, 447, 449, 451, 465, 433, 473, 434, 437, 452, 458, 459, 432, 436, 464, -0.7458759798901398, -0.8325590362515021]
[68, 72, 471, 435, 470, 472, 448, 469, 447, 467, 433, 434, 437, 450, 468, 436, 449, 428, 466, 432, 451, 465, 473, 439, 444, 452, -0.3350654780149478, -0.22828421193891157]
[69, 72, 472, 469, 471, 433, 435, 470, 434, 468, 432, 448, 467, 473, 437, 450, 447, 465, 474, 428, 466, 436, 449, 451, 464, 482, -0.3387409406910854, -0.005197676382468597]
[71, 73, 473, 474, 482, 432, 464, 469, 475, 433, 468, 472, 483, 465, 481, 470, 467, 471, 476, 434, 435, 459, 466, 480, -0.9869008596793754, -0.5010307248235017]
[72, 72, 474, 432, 473, 475, 476, 482, 433, 502, 472, 477, 483, 464, 469, 478, 481, 434, 468, 480, 501, -0.21384066786446376, -0.5383798649148696]
[73, 73, 475, 474, 476, 482, 473, 478, 481, 477, 480, 483, 432, 464, 479, 492, 502, 433, 501, -0.19283387295837573, -0.5482538646626619]
[74, 72, 476, 477, 475, 478, 474, 502, 501, 482, 492, 480, 493, 432, 473, 479, 481, 505, 483, -0.2688913913609492, -0.5895105719058817]
[75, 72, 477, 476, 478, 493, 501, 475, 492, 502, 474, 479, 505, 480, 494, 481, 482, 497, -0.43315463720145664, -0.09165155358654564]
[75, 73, 478, 477, 476, 492, 475, 479, 480, 493, 481, 494, 501, 474, 482, 502, 483, 491, -0.8360964504610345, -0.10176035411778372]
[75, 75, 479, 480, 492, 478, 481, 475, 484, 486, 477, 483, 491, 476, 482, 485, 493, 494, -0.7631237981132198, -0.8401351905417629]
[74, 75, 480, 479, 481, 483, 475, 478, 482, 484, 492, 464, 476, 477, 485, 473, 474, 486, -0.2809090881423998, -0.3510489338326549]
[73, 75, 481, 480, 483, 482, 464, 475, 479, 484, 473, 478, 485, 474, 476, 492, 477, -0.37278995463787457, -0.6550051497659335]
[72, 74, 482, 483, 464, 473, 475, 481, 474, 480, 476, 468, 432, 465, 469, 478, 479, 484, 433, 459, 472, 477, -0.5260767637968184, -0.2639235708278642]
[72, 75, 483, 464, 481, 482, 480, 473, 475, 484, 465, 474, 479, 459, 468, 485, 460, 463, 469, 476, 478, -0.05178395432286986, -0.5773310404008188]
[73, 77, 484, 485, 481, 480, 483, 464, 479, 591, 463, 482, 487, -0.26155509806283594, -0.6828466486308796]
[73, 78, 485, 484, 591, 463, 481, 480, 483, 487, 464, 479, 590, 604, 605, -0.540123666384656, -0.3880704494036894]
[77, 77, 486, 489, 487, 491, 479, 488, 490, 492, 555, 480, 553, -0.5095870025229974, -0.5653287721974287]
[76, 79, 487, 586, 486, 590, 585, 488, 587, 485, 588, 591, 484, 489, -0.16821461693030448, -0.02737773525225695]
[79, 79, 488, 555, 489, 585, 486, 554, 487, 556, 558, 586, 588, -0.39104819643908195, -0.514377923789367]
[79, 77, 489, 555, 486, 488, 490, 554, 491, 553, 551, 487, 552, -0.09271904993329894, -0.3056710448904487]
[79, 75, 490, 491, 553, 551, 489, 495, 494, 552, 486, 554, 496, 492, 550, 555, 493, -0.32318959014294013, -0.1743508299220795]
[78, 75, 491, 490, 494, 553, 486, 489, 492, 495, 551, 479, 493, 496, 552, 478, 550, 554, 555, -0.9236690600188492, -0.5140756490003089]
[76, 74, 492, 478, 479, 477, 480, 491, 493, 494, 476, 475, 481, 486, 490, 495, 496, -0.11669344399261083, -0.38261413153180945]
[77, 72, 493, 494, 477, 496, 478, 492, 495, 497, 498, 501, 476, 550, 491, 525, 479, 490, 502, 505, 524, 551, -0.6861607192048246, -0.3592548442173017]
[78, 73, 494, 495, 493, 496, 491, 490, 492, 550, 551, 525, 553, 478, 497, 477, 498, 552, 479, 524, 526, -0.7459733090412963, -0.7123710902923581]
[79, 73, 495, 494, 496, 550, 551, 490, 491, 493, 525, 552, 553, 526, 498, 492, 497, 524, -0.27274723948831503, -0.3711631328199597]
[79, 72, 496, 495, 550, 494, 525, 493, 498, 497, 524, 526, 551, 552, 490, 491, 553, 492, -0.8142149024354917, -0.38802961467111496]
[78, 70, 497, 498, 499, 524, 493, 496, 525, 500, 550, 494, 501, 516, 495, 505, 526, 477, 506, 514, 523, -0.40242655722243525, -0.8590592341238804]
[79, 70, 498, 497, 524, 525, 496, 499, 526, 550, 493, 495, 494, 516, 523, 500, 521, 527, -0.4892494848844424, -0.2126772423999288]
[78, 68, 499, 516, 497, 500, 498, 514, 515, 523, 513, 524, 506, 505, 507, 512, 521, 501, 522, 525, -0.35746183415420985, -0.8606296717457413]
[76, 68, 500, 506, 514, 505, 507, 499, 504, 513, 501, 515, 516, 497, 502, 508, 512, 498, -0.9576192866259112, -0.2823233228494646]
[75, 70, 501, 502, 505, 477, 506, 476, 500, 504, 493, 478, 497, 507, 514, 474, 475, 499, 503, 508, -0.013713913734144989, -0.27557701981851557]
[74, 70, 502, 501, 505, 476, 504, 477, 506, 474, 500, 503, 432, 475, 478, 507, 508, 431, 493, 509, 514, -0.9951124684165048, -0.5651443289151675]
[72, 68, 503, 431, 509, 508, 430, 504, 423, 502, 429, 506, 424, 432, 505, 507, 425, 433, 434, 501, -0.7143442871507295, -0.8211747228696024]
[74, 68, 504, 506, 505, 507, 508, 500, 502, 503, 501, 509, 514, 513, 431, 515, -0.18626864182570935, -0.0019761170515231186]
[75, 69, 505, 501, 506, 500, 502, 504, 507, 514, 508, 477, 476, 497, 499, 503, 513, 493, 509, 515, 516, -0.2751105436022909, -0.4503406828029879]
[75, 68, 506, 500, 504, 505, 507, 514, 501, 502, 508, 513, 515, 499, 503, 509, 516, 497, 512, -0.7351783972352203, -0.5852534813984481]
[75, 67, 507, 506, 514, 500, 504, 513, 505, 508, 515, 512, 501, 509, 516, 499, 502, 503, 511, 510, -0.3462871510066011, -0.14682087006076705]
[73, 67, 508, 509, 503, 504, 507, 431, 506, 505, 423, 510, 514, 430, 500, 502, 513, 501, -0.5286085250449808, -0.5977033210103084]
[72, 67, 509, 503, 508, 431, 423, 430, 504, 424, 507, 425, 429, 506, 510, 421, 502, 505, -0.26161775088508465, -0.989653469848334]
[73, 64, 510, 707, 709, 706, 708, 710, 712, 508, 511, 703, 509, 684, 705, 711, 507, 513, 713, -0.5166875990929194, -0.8063532663839537]
[76, 64, 511, 684, 512, 513, 517, 515, 683, 685, 706, 510, 514, 687, 507, 686, 707, 516, 682, 705, -0.43057658644230923, -0.9099974472930005]
[77, 65, 512, 515, 511, 513, 517, 514, 516, 683, 684, 507, 685, 499, 500, 518, 506, 523, 682, -0.33853135360335973, -0.6022948207265444]
[76, 66, 513, 514, 515, 507, 512, 500, 511, 506, 516, 499, 504, 517, 684, 505, 508, 510, 683, -0.9276923270937865, -0.42421434107703304]
[76, 67, 514, 500, 507, 513, 506, 515, 516, 499, 504, 505, 512, 508, 511, 501, 497, 502, 517, -0.587336411279593, -0.40640775261228346]
[77, 66, 515, 512, 513, 514, 516, 499, 500, 507, 511, 517, 506, 523, 683, 684, 504, 505, 518, -0.27141035849409656, -0.47261439773861946]
[78, 67, 516, 499, 515, 514, 523, 500, 512, 513, 497, 507, 517, 521, 498, 506, 522, 505, 511, 518, 524, -0.5327336942337777, -0.652065111563699]
[78, 64, 517, 683, 512, 511, 518, 515, 682, 684, 685, 513, 516, 681, 686, 514, 522, 523, 687, -0.46556838677543233, -0.9949993110477529]
[80, 64, 518, 681, 517, 519, 520, 522, 677, 682, 683, 523, 512, 521, 679, 515, 516, 685, -0.5832330090947887, -0.32240931859496336]
[82, 64, 519, 520, 677, 681, 518, 522, 534, 521, 678, 679, 523, 675, 676, 682, -0.15766605479611473, -0.9401192550163033]
[82, 65, 520, 519, 522, 534, 677, 518, 521, 681, 523, 527, 528, -0.9227119137294445, -0.5607607946216016]
[81, 67, 521, 522, 523, 527, 520, 528, 516, 499, 518, 519, 524, 498, 534, -0.5777092198455713, -0.537173257737762]
[81, 66, 522, 521, 520, 523, 518, 519, 527, 528, 681, 516, 534, 677, 499, 517, -0.3657808911844127, -0.8037189203770775]
[80, 67, 523, 521, 522, 516, 499, 527, 520, 518, 524, 498, 515, 528, 497, 512, 517, 519, -0.028609859905409096, -0.7222816287104726]
[80, 70, 524, 498, 525, 526, 497, 550, 496, 499, 527, 523, 495, 521, 493, 494, 516, 528, -0.04187590689597698, -0.19147689504887044]
[80, 71, 525, 524, 526, 550, 496, 498, 495, 497, 494, 551, 493, 552, 499, 527, -0.5976428442926484, -0.8291584574993662]
[81, 71, 526, 525, 524, 550, 496, 498, 495, 552, 497, 527, 529, 551, 494, 528, -0.641045919148187, -0.43452370691623154]
[82, 68, 527, 528, 521, 522, 523, 524, 529, 520, 526, 498, 525, 530, 534, -0.9892424871624727, -0.048907839771979655]
[83, 68, 528, 527, 521, 529, 522, 530, 520, 523, 533, 534, 524, 526, 531, -0.2949180554965628, -0.6755812069120379]
[84, 70, 529, 530, 531, 528, 532, 533, 549, 527, 526, -0.8377438609157994, -0.6233604598506995]
[85, 70, 530, 529, 531, 532, 533, 549, 528, 527, 541, -0.40647234635944496, -0.2047203477267736]
[86, 70, 531, 530, 532, 533, 529, 549, 541, 542, 528, -0.38295560399213024, -0.302005009834728]
[86, 71, 532, 531, 530, 549, 533, 529, 542, 541, -0.8290823347126883, -0.14761063401060837]
[86, 69, 533, 531, 530, 532, 529, 541, 528, 542, 549, -0.6470860314844411, -0.9178959397739798]
[84, 65, 534, 520, 535, 519, 677, 522, 528, 676, 521, 527, 681, -0.16013195299866256, -0.6021306686674854]
[86, 65, 535, 534, 646, 536, 676, 541, -0.8498471206148392, -0.10876005967876512]
[89, 66, 536, 537, 540, 541, 535, 646, 538, -0.3223759154637963, -0.028075224935780407]
[90, 64, 537, 645, 536, 646, 647, -0.010203502353387517, -0.3749101891242692]
[92, 68, 538, 540, 539, 536, 542, -0.8605149318394127, -0.21813256207010134]
[91, 71, 539, 544, 543, 542, 545, 538, 540, -0.6442343974390777, -0.9755823075830092]
[90, 68, 540, 538, 541, 536, 542, 539, -0.17469948177917738, -0.41111489188210393]
[88, 68, 541, 540, 533, 536, 542, 531, 530, 532, 535, -0.27665651041446226, -0.09078199027393896]
[89, 70, 542, 539, 540, 541, 544, 531, 532, 533, 538, 543, -0.41224261306675236, -0.3277757998787343]
[91, 73, 543, 544, 539, 545, 542, 546, -0.11713188346315473, -0.23950553342423153]
[90, 72, 544, 539, 543, 542, 545, -0.6897127773547456, -0.014102469765798098]
[93, 73, 545, 543, 539, 546, 544, -0.6043882676487191, -0.6266342210730222]
[93, 76, 546, 545, 547, 543, -0.5987254596953894, -0.45509624656521575]
[90, 77, 547, 546, -0.7016305422764161, -0.4723659198131369]
[85, 77, 548, -0.07415754539052644, -0.0016792666533194112]
[85, 72, 549, 532, 530, 529, 531, 533, -0.9771651780852613, -0.211871146416997]
[80, 72, 550, 496, 525, 495, 526, 524, 551, 494, 498, 552, 497, 493, 553, 490, 491, -0.9823122388753032, -0.23163081816142939]
[80, 74, 551, 552, 553, 490, 495, 550, 491, 494, 496, 525, 489, 526, 554, 493, -0.6828775084514639, -0.8769832613639507]
[81, 74, 552, 551, 553, 490, 495, 550, 496, 526, 554, 491, 494, 525, 489, -0.00959567470029088, -0.5123096832939793]
[80, 75, 553, 490, 551, 552, 491, 489, 495, 554, 494, 550, 555, 496, 486, -0.9966525988081529, -0.01605837757131723]
[81, 77, 554, 555, 489, 553, 488, 490, 552, 551, 556, 491, -0.6099539334883664, -0.9302787153854306]
[80, 78, 555, 488, 489, 554, 556, 553, 486, 490, 491, 585, -0.21961229286864992, -0.8262070419330114]
[82, 80, 556, 557, 555, 558, 488, 554, -0.023291306750766072, -0.3975544355922832]
[83, 81, 557, 556, 558, -0.8831316108453328, -0.8188385467314264]
[80, 82, 558, 559, 585, 556, 582, 588, 488, 557, 584, 589, 583, -0.14323665144029274, -0.709234330759325]
[80, 84, 559, 584, 558, 582, 583, 589, 585, 588, -0.8739154234383565, -0.9238587812200717]
[85, 85, 560, 561, -0.44379514633546724, -0.8711408082957371]
[85, 86, 561, 560, -0.4488477504964753, -0.49490582720159493]
[89, 81, 562, -0.9124704800957053, -0.12036126524232837]
[92, 88, 563, 564, -0.1371035388335653, -0.7757347250496458]
[92, 89, 564, 563, -0.5150434725843664, -0.32990871316489245]
[87, 91, 565, -0.9006482537035014, -0.7691013800399604]
[80, 88, 566, 579, 578, 584, 583, -0.5380968508963488, -0.11092146084958265]
[81, 92, 567, 568, 570, 571, 569, -0.8513491984755852, -0.8249146359181916]
[82, 94, 568, 567, 632, 569, 570, -0.2814916103178773, -0.28066555109663394]
[79, 95, 569, 570, 571, 632, 568, 567, -0.8209599948692997, -0.6604753347327245]
[79, 93, 570, 571, 569, 567, 568, 572, 632, -0.8433636476057771, -0.0526462964504244]
[78, 93, 571, 570, 569, 572, 567, -0.63132166186302, -0.44597518716830575]
[76, 92, 572, 571, 573, 570, 574, 577, -0.1090627312935678, -0.6556171038466108]
[74, 93, 573, 572, 574, -0.8894483971416131, -0.058016011750248175]
[73, 91, 574, 573, 575, 577, 621, 572, 576, -0.5122256021696976, -0.39887781870374195]
[72, 89, 575, 576, 621, 574, 577, 619, 597, 620, 622, -0.032423441189527114, -0.699826464652808]
[72, 88, 576, 575, 621, 597, 620, 574, 577, 602, 619, 596, 622, -0.8234722915306346, -0.893791704315633]
[75, 89, 577, 578, 574, 575, 596, 572, 576, 580, 597, -0.8273678188080609, -0.6326454631469105]
[77, 88, 578, 579, 577, 580, 596, 566, 581, 583, 584, -0.3337893228109986, -0.7999560250629194]
[79, 88, 579, 566, 578, 584, 583, 580, -0.9491583245112452, -0.004391887156074192]
[76, 86, 580, 581, 596, 578, 583, 582, 597, 577, 584, 589, 579, -0.44933899392966514, -0.559041370098626]
[76, 85, 581, 580, 596, 583, 582, 589, 584, 587, 578, 588, 597, -0.7861340316039291, -0.13963198323783454]
[78, 84, 582, 583, 584, 589, 559, 581, 588, 558, 580, 587, 585, 586, 596, -0.7785883984328651, -0.22323956098296416]
[78, 85, 583, 582, 584, 581, 559, 580, 589, 578, 579, 588, 596, 558, 566, 587, -0.11599244501415462, -0.11083172402124808]
[79, 85, 584, 583, 559, 582, 589, 579, 581, 558, 566, 580, 578, 588, -0.11019201778494059, -0.3177402232748434]
[78, 81, 585, 588, 586, 488, 558, 587, 589, 487, 582, 590, 555, 559, -0.2391679040041741, -0.576067241908753]
[76, 81, 586, 587, 590, 588, 487, 585, 589, 591, 593, 488, 582, -0.896096027985963, -0.6659020393862704]
[76, 82, 587, 586, 588, 589, 590, 585, 582, 487, 581, 593, 583, 591, -0.9207550334977883, -0.7035814766989533]
[77, 82, 588, 587, 589, 585, 586, 582, 590, 558, 487, 581, 583, 488, 559, 584, -0.16631537299749766, -0.6146853565508242]
[77, 83, 589, 588, 582, 587, 581, 583, 585, 586, 584, 590, 558, 559, 580, 596, -0.6443419861352297, -0.28515010268127594]
[75, 81, 590, 586, 587, 487, 588, 591, 593, 589, 585, 592, 485, 594, -0.9837071843948336, -0.11086654878460633]
[73, 80, 591, 485, 593, 590, 592, 604, 484, 605, 487, 586, 594, 463, 587, 603, -0.8989102058769287, -0.8552577965250561]
[72, 82, 592, 593, 594, 603, 604, 595, 591, 601, 605, 590, 602, 606, 600, 607, -0.47880670309022133, -0.5211310307144223]
[73, 82, 593, 592, 594, 591, 590, 595, 603, 604, 587, 586, 601, 602, 605, -0.8875298591203927, -0.08426193254341618]
[72, 83, 594, 592, 595, 603, 593, 601, 602, 604, 591, 597, 600, 590, 605, 606, -0.3425376997188553, -0.4344745448482533]
[72, 84, 595, 594, 602, 603, 592, 601, 593, 597, 600, 604, 596, -0.5724757213074652, -0.517749440696911]
[75, 86, 596, 580, 581, 597, 578, 577, 583, 576, 582, 589, 595, -0.9936520177613611, -0.971149269624562]
[73, 86, 597, 596, 576, 595, 602, 580, 575, 581, 594, 577, 601, 603, 621, -0.2511688368178526, -0.45982506992049743]
[68, 87, 598, 618, 617, 620, 613, 616, 619, 599, 600, 622, 601, 602, 621, -0.12322089030013228, -0.03472033304018618]
[68, 84, 599, 600, 601, 609, 613, 598, 608, 602, 603, 606, -0.34007560137461756, -0.46193126324381695]
[69, 84, 600, 599, 601, 602, 603, 609, 595, 606, 594, 598, 608, 592, 604, 613, -0.13948951904741191, -0.8262359707316169]
[70, 84, 601, 600, 602, 603, 595, 599, 594, 592, 609, 604, 606, 593, 597, 598, 608, -0.0698836489164818, -0.3375980653369379]
[71, 85, 602, 595, 601, 603, 594, 597, 600, 576, 592, 599, 593, 598, 620, -0.0976273810223498, -0.21776097148399087]
[71, 83, 603, 594, 592, 595, 601, 602, 604, 593, 600, 606, 599, 605, 609, 591, 597, 607, 608, -0.593691547436612, -0.6496217075424137]
[71, 81, 604, 592, 605, 603, 606, 591, 593, 594, 607, 608, 463, 595, 601, 609, 462, 485, 600, -0.8960036153252849, -0.17689088744941728]
[70, 80, 605, 607, 604, 606, 463, 462, 608, 592, 609, 591, 460, 603, 461, 485, 593, 594, -0.2529721303149389, -0.7295667120683629]
[69, 81, 606, 607, 608, 605, 609, 604, 603, 462, 600, 463, 592, 599, 601, 457, 594, -0.24417017701296817, -0.7728848787723617]
[69, 80, 607, 605, 606, 608, 462, 463, 604, 609, 460, 457, 461, 456, 592, 603, -0.6551016084927999, -0.08889149788385209]
[68, 81, 608, 606, 609, 607, 605, 457, 599, 604, 462, 600, 456, 463, 601, 603, -0.6833784072583791, -0.9944756957545418]
[68, 82, 609, 608, 606, 599, 600, 607, 601, 605, 603, 604, 457, -0.255686411050873, -0.8971302146251446]
[64, 80, 610, 209, 611, 208, 612, 370, 457, 369, 456, 211, 455, 210, 207, 212, -0.664968775419772, -0.8614388693133657]
[64, 81, 611, 208, 610, 612, 209, 207, 457, 210, 211, 212, 370, 213, 369, 456, -0.17214932763976099, -0.39617632032246386]
[64, 82, 612, 611, 208, 610, 207, 209, 212, 206, 210, 213, 205, 211, 457, -0.9622633563641106, -0.688326145962722]
[66, 86, 613, 616, 598, 617, 599, 618, 206, 204, 600, 614, 620, -0.14227481586515067, -0.06604647704195143]
[64, 89, 614, 204, 615, 616, 628, 617, 627, 613, -0.7699538965097429, -0.8144191793699572]
[65, 90, 615, 614, 627, 616, 628, 204, 617, 618, -0.11938149311155744, -0.13092362856762574]
[66, 88, 616, 617, 613, 618, 598, 614, 615, 204, 620, 619, 622, -0.9563859292718294, -0.42780731673369565]
[67, 88, 617, 616, 618, 598, 620, 613, 619, 615, 622, 614, -0.8686465303702154, -0.8073114224160444]
[68, 88, 618, 598, 617, 620, 619, 616, 622, 613, 621, 615, -0.48693165127880744, -0.027275495123461946]
[69, 89, 619, 620, 622, 618, 621, 598, 617, 575, 576, 616, -0.3008973984349045, -0.14159240269096596]
[69, 88, 620, 618, 619, 598, 617, 622, 621, 576, 616, 575, 602, 613, -0.9723283028982301, -0.5442136064971947]
[71, 89, 621, 575, 576, 619, 620, 622, 574, 618, 597, 598, -0.3784223982934841, -0.5047556794283542]
[69, 90, 622, 619, 620, 618, 621, 617, 624, 575, 598, 623, 576, 616, -0.438583845344258, -0.9565047079384081]
[68, 93, 623, 624, 626, 625, 622, 627, 629, -0.8666051772831088, -0.6005085829144509]
[69, 93, 624, 623, 626, 622, 625, -0.7330214413791899, -0.35630034094762075]
[66, 95, 625, 626, 629, 623, 196, 627, 624, 628, -0.4538166918206781, -0.38626831871942]
[67, 94, 626, 623, 625, 629, 624, 627, 628, -0.501823797677949, -0.12291423663159062]
[65, 92, 627, 628, 615, 629, 626, 614, 623, 625, 196, -0.46235664977438073, -0.7703164811737562]
[64, 92, 628, 627, 615, 629, 614, 196, 625, 626, -0.32340915476563437, -0.31298076227508376]
[65, 94, 629, 625, 626, 627, 196, 628, 623, -0.9928341557744443, -0.44601887656031103]
[68, 99, 630, -0.8296081526772106, -0.5773255971098031]
[89, 113, 631, -0.42894744698517584, -0.057013261833218976]
[81, 96, 632, 568, 569, 570, -0.49548499733528006, -0.39097252165616925]
[101, 99, 633, -0.9278474532225621, -0.3392790112499233]
[97, 77, 634, -0.06552838506204217, -0.6053619491436899]
[98, 72, 635, 636, 637, -0.859097932547609, -0.28153003737765736]
[98, 70, 636, 635, 637, -0.24520106124891172, -0.3244156293800037]
[96, 69, 637, 636, 635, -0.6966364967684993, -0.8009339290876657]
[96, 65, 638, -0.637474839348881, -0.9795563921762863]
[110, 69, 639, -0.09367001155321186, -0.4120475436760931]
[116, 66, 640, -0.15704809997785651, -0.651237286681289]
[118, 32, 641, -0.3434973538487116, -0.5504222046575604]
[97, 42, 642, -0.6843034842993888, -0.12527854765145008]
[100, 49, 643, -0.28993128157220005, -0.20961093380410933]
[98, 58, 644, -0.9565929917327348, -0.8049246366444577]
[90, 62, 645, 647, 537, 646, 648, -0.7482848045437857, -0.20401607775688235]
[88, 63, 646, 647, 537, 645, 535, 536, 676, -0.43351669721726926, -0.045751442186984126]
[89, 62, 647, 645, 646, 537, 648, -0.5697754552550113, -0.5274952291837421]
[88, 59, 648, 649, 650, 647, 645, -0.511124888980943, -0.863134993269729]
[89, 58, 649, 648, 650, 656, -0.9483661601388109, -0.9690770284208567]
[90, 57, 650, 649, 648, 656, -0.049174737579044114, -0.2316421422717878]
[94, 56, 651, 652, -0.8798661978633413, -0.6995595260290505]
[92, 53, 652, 651, -0.9194214395916954, -0.11068270363972421]
[92, 48, 653, 822, -0.4384690956097207, -0.09420972308220987]
[88, 50, 654, 658, 655, -0.13875253648970332, -0.735591742408373]
[88, 53, 655, 656, 658, 654, 657, -0.14971185338478255, -0.3091214430414406]
[87, 55, 656, 657, 655, 672, 658, 649, 650, -0.8834717290272235, -0.906212378211234]
[85, 55, 657, 672, 656, 671, 662, 658, 673, 655, -0.27555474890436216, -0.20304834849405018]
[86, 52, 658, 655, 654, 659, 656, 657, 662, -0.8786257062588755, -0.21757112489070296]
[84, 50, 659, 658, 662, 661, -0.21158619937364742, -0.062414569463316805]
[80, 49, 660, 777, 776, 661, 778, 819, -0.9466982508979698, -0.13703471634695086]
[81, 52, 661, 662, 774, 660, 663, 775, 659, -0.8770052047556717, -0.9586307194125422]
[83, 53, 662, 661, 657, 671, 658, 659, 663, 664, 672, -0.023935205925323055, -0.1846891049649254]
[80, 55, 663, 664, 690, 774, 665, 775, 666, 773, 661, 671, 662, 669, -0.6571738731680644, -0.7711776740718768]
[81, 56, 664, 665, 663, 671, 690, 666, 669, 774, 668, 667, 670, 662, 673, -0.4002594866802185, -0.18065850922087112]
[81, 57, 665, 664, 666, 669, 668, 663, 667, 670, 671, 690, 673, 680, 674, 689, 774, -0.9757799985550601, -0.8531151179103581]
[80, 58, 666, 667, 665, 668, 669, 680, 664, 670, 689, 690, 663, 691, 679, 692, 671, -0.22684770074141825, -0.1343648448751179]
[80, 59, 667, 666, 668, 680, 670, 689, 665, 669, 679, 692, 664, 682, 690, 691, 678, 686, -0.03346876802878296, -0.15181875858696392]
[81, 59, 668, 667, 670, 666, 669, 680, 665, 679, 678, 664, 674, 689, 673, 671, 675, 682, 690, -0.18073261984657862, -0.8043735767297525]
[82, 58, 669, 670, 665, 668, 666, 673, 664, 667, 671, 674, 680, 678, 679, 663, 672, 675, 690, -0.2516420968535743, -0.862921230790244]
[82, 59, 670, 668, 669, 667, 674, 665, 666, 673, 678, 679, 680, 675, 664, 671, -0.5824782113858685, -0.30900900184378843]
[83, 56, 671, 664, 672, 657, 665, 669, 673, 662, 663, 670, 674, 666, 668, -0.850625277037241, -0.34288507866479934]
[85, 56, 672, 657, 671, 656, 673, 674, 662, 669, -0.5058930457142731, -0.06836161192743384]
[84, 58, 673, 674, 669, 670, 671, 672, 675, 657, 665, 668, 678, 664, -0.14235019278425154, -0.7570852026640728]
[84, 59, 674, 673, 670, 675, 669, 678, 668, 671, 672, 676, 665, 679, -0.06016805354424526, -0.5891374311011516]
[84, 61, 675, 678, 676, 674, 670, 677, 673, 679, 519, 668, 669, 681, -0.22437367408474795, -0.9985305321209935]
[85, 62, 676, 675, 678, 534, 535, 646, 674, 677, 519, -0.5551798645530246, -0.16835558107711535]
[82, 63, 677, 519, 681, 520, 518, 678, 679, 534, 675, 522, 676, 682, 680, -0.7549606691146626, -0.1505829294708816]
[83, 61, 678, 675, 679, 670, 674, 676, 677, 668, 681, 519, 669, 673, 680, 667, -0.519951037379405, -0.6537365338247705]
[81, 61, 679, 680, 668, 678, 681, 667, 670, 677, 682, 675, 518, 519, 666, 669, 674, 683, 689, -0.15136469195147628, -0.8137575615982529]
[80, 60, 680, 667, 668, 679, 666, 670, 682, 689, 669, 665, 678, 681, 686, 692, 677, 683, 685, 691, -0.10358529634855984, -0.5558695089234305]
[81, 63, 681, 677, 518, 519, 679, 520, 682, 678, 522, 683, 517, 680, 534, 675, -0.7778507540663356, -0.0012486090411958362]
[79, 62, 682, 683, 685, 517, 518, 679, 680, 681, 686, 667, 677, 684, 687, 689, 511, 512, 519, 668, 688, 692, -0.37651043168288023, -0.6424438550672762]
[78, 63, 683, 517, 682, 685, 684, 511, 512, 518, 686, 687, 681, 515, 513, 679, 680, 688, -0.025458692627599144, -0.08195883838328277]
[76, 63, 684, 511, 685, 683, 687, 512, 517, 686, 706, 705, 513, 688, 707, 510, 515, 682, 704, 703, -0.7463912215630392, -0.19930452110407793]
[77, 62, 685, 686, 683, 684, 687, 682, 511, 517, 688, 704, 512, 692, 706, 689, 705, 518, 680, 693, -0.5325894185526899, -0.4558764192945337]
[77, 61, 686, 685, 687, 688, 692, 682, 683, 684, 689, 704, 693, 691, 705, 511, 517, 680, 706, 667, 694, 695, -0.30317258788671475, -0.4194289319836323]
[76, 61, 687, 686, 688, 685, 704, 684, 705, 692, 693, 706, 683, 689, 694, 511, 703, 682, 691, 695, 517, 707, -0.7081476827948421, -0.2840887573377393]
[76, 60, 688, 687, 704, 686, 692, 693, 685, 689, 691, 694, 695, 705, 706, 684, 696, 703, 682, 683, 702, -0.06681501043412952, -0.7711986166056023]
[78, 59, 689, 692, 691, 667, 666, 680, 686, 688, 687, 668, 693, 682, 685, 690, 695, 704, 665, 679, 696, -0.626449461222081, -0.7770870290173946]
[79, 56, 690, 663, 664, 774, 665, 666, 773, 691, 667, 689, 775, 668, 669, 692, -0.5930335056835225, -0.7552978495089451]
[77, 58, 691, 692, 689, 695, 688, 693, 696, 690, 697, 704, 666, 686, 773, 667, 687, 694, 680, 698, -0.4976535269383542, -0.506528017287722]
[77, 59, 692, 689, 691, 688, 686, 693, 687, 695, 704, 696, 667, 685, 694, 666, 680, 682, 690, 697, 705, -0.7993898926749716, -0.9248667309089814]
[75, 59, 693, 694, 695, 704, 688, 692, 696, 687, 691, 702, 705, 686, 699, 703, 689, 697, 698, 701, 706, 685, 700, -0.3681508305836677, -0.8919386002421335]
[74, 59, 694, 693, 695, 702, 704, 705, 688, 696, 699, 701, 703, 687, 692, 698, 706, 691, 697, 700, 740, 686, 708, 713, -0.9228382658168209, -0.046310434280734225]
[75, 58, 695, 693, 696, 694, 691, 697, 702, 704, 688, 692, 698, 699, 700, 701, 687, 689, 705, 686, 703, 773, -0.45744539951471175, -0.830285359233334]
[75, 57, 696, 695, 697, 698, 693, 699, 691, 694, 700, 702, 692, 773, 704, 688, 701, 771, 689, 770, -0.36418466022755347, -0.791191797946289]
[75, 56, 697, 696, 698, 695, 700, 699, 771, 773, 691, 702, 770, 693, 772, 694, 692, 701, -0.6975215120041905, -0.05569256052020899]
[74, 56, 698, 697, 700, 696, 699, 771, 695, 702, 770, 701, 694, 743, 693, 772, 773, 691, 740, 744, -0.6854978221727371, -0.3162019742858212]
[73, 57, 699, 700, 702, 698, 701, 696, 694, 695, 697, 740, 743, 693, 741, 770, 738, 742, 771, 704, 739, 744, -0.9866668298533163, -0.475360344088398]
[73, 56, 700, 698, 699, 697, 702, 743, 770, 696, 701, 771, 695, 740, 744, 742, 694, 741, 693, 738, 772, -0.3481659282292554, -0.09178608860976256]
[72, 58, 701, 702, 740, 699, 738, 694, 700, 739, 741, 743, 698, 742, 695, 693, 696, 703, 713, 737, 697, 704, 705, 715, -0.5112796050320253, -0.9865264329047945]
[73, 58, 702, 699, 701, 694, 695, 700, 740, 693, 696, 698, 697, 704, 743, 703, 738, 705, 739, 741, 688, 713, 742, -0.3099211242058122, -0.41886311945101384]
[73, 61, 703, 705, 706, 708, 707, 713, 694, 704, 709, 712, 693, 710, 510, 687, 702, 688, 701, 684, 695, 711, 739, 740, -0.908467790895025, -0.6195587824184196]
[75, 60, 704, 688, 693, 687, 694, 705, 695, 686, 692, 703, 706, 685, 691, 702, 696, 684, 689, 699, 701, 707, 708, -0.34126130510405606, -0.4923860351536927]
[74, 61, 705, 703, 706, 704, 687, 694, 688, 693, 707, 708, 684, 709, 686, 713, 510, 685, 695, 702, 712, 511, 692, 701, 710, -0.21403485331200722, -0.14513518072700649]
[74, 62, 706, 705, 703, 707, 708, 510, 684, 687, 704, 709, 511, 688, 685, 694, 712, 686, 693, 710, 713, -0.6913038144776386, -0.8681687721992736]
[73, 63, 707, 510, 709, 706, 708, 703, 710, 705, 712, 713, 684, 711, 511, 687, 704, -0.4259759528103567, -0.6319951965555975]
[72, 62, 708, 709, 712, 703, 707, 710, 713, 706, 510, 705, 711, 714, 719, 422, 694, 704, 715, 739, -0.044381471862030564, -0.8220188700844724]
[72, 63, 709, 707, 708, 710, 510, 712, 711, 703, 706, 713, 705, 719, 422, 421, 714, -0.4381601885729802, -0.5490071053923457]
[71, 63, 710, 709, 711, 712, 708, 707, 713, 719, 422, 510, 421, 703, 714, 720, 706, 718, 425, 705, 715, 717, -0.6339762379043552, -0.5502775377689253]
[70, 63, 711, 710, 719, 422, 712, 709, 720, 421, 708, 713, 714, 718, 717, 707, 721, 425, 510, 715, 420, 703, 716, -0.5217673728004145, -0.19706760966669679]
[71, 62, 712, 708, 710, 713, 709, 711, 703, 707, 714, 719, 422, 510, 715, 706, 718, 705, 717, 720, 739, 421, 716, 737, -0.8857109928772179, -0.7242959694805433]
[71, 61, 713, 712, 708, 703, 710, 714, 709, 711, 715, 739, 707, 719, 737, 705, 717, 740, 701, 706, 716, 718, 738, 422, 510, 694, 702, 720, 736, -0.4609904864232012, -0.5954131280255842]
[69, 61, 714, 715, 717, 716, 718, 713, 719, 737, 711, 712, 720, 736, 739, 710, 721, 725, 422, 724, 708, 722, 738, 709, 726, 728, 740, -0.33475819881575564, -0.036813517046511146]
[69, 60, 715, 714, 716, 737, 717, 736, 739, 713, 718, 725, 738, 712, 726, 740, 719, 711, 720, 724, 728, 741, 701, 708, 710, 721, 722, 727, -0.2397016949005215, -0.9595005671004164]
[68, 60, 716, 715, 717, 736, 714, 725, 737, 718, 724, 726, 728, 739, 722, 727, 738, 720, 713, 719, 721, 729, 711, 712, 732, 734, 740, 741, -0.3921678968891995, -0.762984418799573]
[68, 61, 717, 714, 716, 718, 715, 720, 724, 736, 719, 721, 722, 725, 737, 711, 728, 739, 713, 422, 712, 726, 710, 727, 729, 738, -0.9663601563041443, -0.3108841763361898]
[68, 62, 718, 717, 720, 714, 719, 721, 716, 722, 422, 711, 715, 724, 712, 736, 420, 421, 710, 713, 725, 737, 415, 728, 739, -0.039666707509733, -0.45275808657553573]
[69, 63, 719, 422, 711, 720, 718, 421, 710, 714, 721, 712, 717, 420, 713, 425, 709, 715, 708, 716, 722, 724, -0.5999759293008183, -0.9734895656065298]
[68, 63, 720, 718, 719, 721, 422, 711, 717, 420, 421, 714, 722, 724, 710, 716, 415, 425, 712, 715, 416, 419, 713, -0.9883675969779677, -0.9254489783768963]
[67, 63, 721, 720, 718, 722, 420, 719, 415, 422, 717, 724, 416, 421, 714, 711, 419, 716, 723, 417, 425, 715, -0.25139263358953834, -0.3771437536305935]
[66, 62, 722, 724, 721, 718, 723, 415, 717, 720, 716, 103, 728, 104, 416, 420, 714, 719, 725, 729, 102, 417, 422, 715, 730, 736, -0.011518945176995476, -0.4038153135111303]
[64, 62, 723, 103, 104, 722, 102, 105, 415, 724, 414, 417, 730, 96, 101, 416, 721, 729, 409, 728, -0.12209224704246124, -0.6665909499652094]
[66, 61, 724, 722, 717, 728, 716, 718, 721, 723, 725, 729, 720, 730, 736, 714, 727, 102, 103, 415, 715, 726, 732, 96, 104, 719, 731, 737, -0.6105135198608785, -0.20248048865315005]
[67, 59, 725, 726, 728, 736, 716, 727, 729, 737, 715, 717, 724, 732, 734, 714, 733, 730, 739, 718, 722, 731, 735, 738, 741, -0.4992907375654333, -0.6122390722483204]
[67, 58, 726, 725, 727, 728, 734, 736, 732, 716, 729, 733, 735, 737, 715, 731, 738, 717, 724, 730, 739, 741, 714, 742, 750, 751, -0.29052957815499547, -0.23765561677773128]
[66, 58, 727, 726, 728, 732, 734, 725, 729, 733, 731, 730, 736, 716, 735, 724, 96, 737, 751, 102, 715, 717, 752, -0.8920029269641633, -0.27954959289368186]
[66, 59, 728, 725, 727, 729, 726, 732, 724, 730, 734, 736, 716, 731, 733, 717, 96, 722, 737, 102, 715, 714, 718, 723, 735, -0.6205917214845358, -0.9272100461445432]
[65, 59, 729, 728, 730, 732, 727, 731, 96, 725, 733, 102, 724, 726, 734, 736, 95, 716, 722, 723, 103, 717, -0.5205171864904427, -0.52433119680587]
[64, 59, 730, 96, 729, 731, 102, 732, 728, 95, 727, 733, 724, 734, 97, 723, 725, 103, 726, 93, 94, 101, 722, -0.3863316046711268, -0.21828371214053277]
[64, 58, 731, 730, 732, 96, 729, 733, 95, 727, 102, 728, 734, 94, 726, 752, 93, 97, 725, 751, 80, 724, -0.6890707540859436, -0.39053735099980125]
[65, 58, 732, 727, 729, 731, 733, 728, 730, 734, 726, 96, 725, 102, 95, 751, 724, 736, 752, 94, 716, 735, -0.6288197950934967, -0.8656453056409523]
[65, 57, 733, 732, 734, 727, 731, 729, 751, 726, 728, 730, 752, 96, 725, 94, 95, 735, 79, 80, 102, 736, -0.8230804737050058, -0.8106409528120032]
[66, 57, 734, 727, 733, 726, 732, 728, 725, 729, 731, 735, 751, 730, 736, 752, 96, 716, 737, 749, 750, -0.9880506711802522, -0.7405676408694243]
[68, 56, 735, 750, 742, 749, 726, 734, 741, 727, 738, 736, 743, 748, 725, 733, 737, 751, 728, 732, 739, 740, 744, 747, -0.8400180225364936, -0.6135533044640141]
[68, 59, 736, 716, 725, 737, 715, 726, 717, 728, 739, 714, 727, 738, 724, 734, 741, 718, 729, 735, 732, 740, 713, 722, 733, 742, -0.47459039315457974, -0.23691641801170726]
[69, 59, 737, 715, 736, 739, 716, 738, 714, 725, 717, 726, 740, 741, 713, 728, 701, 718, 727, 735, 742, 712, 724, 734, 743, -0.6752813653402767, -0.8915155265333392]
[70, 58, 738, 739, 740, 741, 737, 701, 742, 715, 736, 743, 716, 735, 702, 726, 699, 713, 714, 725, 750, 700, 717, -0.06025832569229517, -0.4583311507685166]
[70, 59, 739, 737, 738, 715, 740, 736, 741, 701, 713, 714, 716, 717, 725, 742, 702, 712, 726, 743, 699, 703, 708, 718, 735, -0.27329560913332673, -0.5754915810375024]
[71, 58, 740, 701, 738, 739, 741, 702, 743, 699, 737, 742, 700, 715, 713, 694, 736, 698, 703, 714, 716, 735, 750, -0.08082752818972316, -0.1613475640823855]
[70, 57, 741, 738, 742, 740, 743, 739, 701, 735, 737, 750, 736, 699, 700, 702, 715, 726, 744, 716, 725, 749, -0.2905122127454187, -0.14689815322183963]
[70, 56, 742, 741, 743, 750, 735, 738, 740, 744, 701, 749, 700, 739, 747, 699, 737, 702, 726, 736, 748, 770, -0.33012237702044045, -0.6941433653923863]
[71, 56, 743, 742, 741, 700, 740, 744, 699, 701, 738, 750, 702, 770, 698, 735, 739, 747, 737, 749, 771, -0.10684348433094171, -0.09899322790430731]
[71, 54, 744, 747, 743, 745, 770, 742, 746, 750, 700, 749, 763, 771, 741, 748, 762, 698, 699, 735, 769, -0.7494640233090303, -0.8335007379128648]
[71, 52, 745, 746, 763, 747, 762, 744, 769, 770, 764, 748, 765, 768, 749, 750, 761, 771, -0.7279400589208567, -0.3277940159950119]
[70, 52, 746, 745, 747, 762, 763, 744, 748, 749, 761, 765, 750, 755, 764, 769, 770, -0.16759315458188062, -0.4184942065374042]
[70, 53, 747, 746, 744, 745, 748, 762, 749, 750, 763, 742, 743, 770, 735, 755, 761, 769, -0.7083484440280262, -0.6696469876575148]
[68, 53, 748, 749, 747, 746, 750, 755, 756, 762, 735, 761, 744, 745, 754, 742, 751, 763, -0.5594967146201494, -0.7576138015813848]
[68, 54, 749, 748, 750, 735, 747, 742, 746, 744, 751, 755, 734, 741, 743, 745, 754, 756, 762, -0.9081409729224538, -0.5568653227263605]
[69, 55, 750, 735, 742, 749, 741, 743, 744, 747, 748, 738, 746, 726, 734, 740, 745, -0.5930449679522126, -0.904051511017564]
[65, 55, 751, 752, 733, 79, 734, 753, 80, 732, 754, 78, 94, 727, 731, 735, 749, 77, 726, 748, -0.54627088026677, -0.685047940098604]
[64, 55, 752, 751, 79, 80, 753, 78, 94, 733, 77, 734, 731, 732, 754, 75, 76, 93, 95, 727, -0.8382806103406469, -0.1422502608645585]
[64, 53, 753, 79, 754, 77, 752, 757, 76, 78, 751, 80, 756, 75, 72, 71, 94, 755, -0.6558386027308648, -0.9790127615028221]
[65, 52, 754, 753, 756, 757, 755, 72, 79, 76, 751, 77, 748, 752, 758, 69, 71, 78, 749, 759, 761, -0.5102461998482948, -0.627646997162256]
[67, 51, 755, 756, 761, 759, 748, 754, 758, 757, 762, 746, 749, 760, 747, 753, 765, -0.5606013493701016, -0.14649602732065292]
[66, 51, 756, 755, 754, 757, 758, 759, 761, 748, 753, 72, 69, 749, 760, -0.39757641678051026, -0.6096178837673395]
[64, 51, 757, 72, 754, 753, 756, 69, 71, 76, 70, 77, 758, 755, 79, 75, 78, 759, -0.4778647200118873, -0.7472013546061301]
[66, 49, 758, 759, 756, 755, 760, 761, 757, 794, 69, 793, 72, 754, -0.8639745418283978, -0.7581842580552522]
[67, 49, 759, 758, 760, 761, 755, 756, 765, 766, 793, 754, 757, 762, 794, -0.7445299374935951, -0.42445607254649975]
[68, 48, 760, 759, 761, 766, 758, 765, 793, 755, 764, 791, 756, 762, 790, -0.5566661122113175, -0.17219226581980063]
[68, 50, 761, 755, 759, 760, 756, 758, 762, 765, 746, 766, 748, 763, 764, 745, 747, 754, -0.19840580617013936, -0.22649382241684013]
[70, 51, 762, 746, 763, 745, 747, 765, 761, 764, 748, 755, 766, 769, 744, 749, 759, 760, -0.0947344596806966, -0.2722060084105371]
[71, 51, 763, 745, 762, 746, 764, 769, 747, 765, 744, 768, 761, 766, 748, 770, -0.5058800749275866, -0.6592385457967083]
[71, 49, 764, 765, 766, 763, 762, 788, 769, 785, 745, 746, 760, 761, 787, 768, 786, -0.9670244066769241, -0.2867257705516746]
[70, 49, 765, 764, 766, 762, 760, 761, 763, 788, 746, 759, 745, 755, 769, 785, 787, -0.6417139842303425, -0.9256597476703237]
[70, 48, 766, 765, 764, 760, 788, 761, 787, 762, 790, 759, 763, 785, 789, 791, 786, -0.15417447978611187, -0.03172686681341774]
[75, 51, 767, 768, 769, 772, 771, 770, 775, -0.4445065975639717, -0.05258901946733008]
[74, 51, 768, 767, 769, 772, 763, 771, 745, 770, 764, -0.21290311517067972, -0.5647897360286122]
[73, 51, 769, 768, 763, 767, 745, 764, 772, 762, 770, 746, 771, 744, 747, 765, -0.9926024396775699, -0.08502188597060756]
[73, 54, 770, 771, 700, 744, 698, 772, 697, 743, 745, 699, 769, 747, 768, 696, 742, 746, 763, 767, -0.21323788951735145, -0.9876326519799582]
[74, 54, 771, 770, 772, 698, 697, 700, 744, 768, 696, 699, 767, 769, 773, 743, 745, -0.13602536273059662, -0.3660337392972163]
[75, 53, 772, 771, 767, 768, 770, 769, 773, 697, 775, 698, 700, -0.6818169670267857, -0.5050585908760882]
[77, 55, 773, 690, 697, 774, 775, 696, 772, 663, 691, 698, 771, 695, -0.43834000247052096, -0.40281339546565476]
[79, 54, 774, 663, 775, 690, 773, 661, 664, 665, -0.12240754952958321, -0.6731947299768828]
[78, 53, 775, 774, 773, 663, 772, 661, 690, 767, -0.845134443268662, -0.08768102505995135]
[78, 48, 776, 777, 660, 778, 779, 819, -0.2666016791264224, -0.885695395924739]
[79, 48, 777, 776, 660, 778, 819, 779, 818, -0.9503683874577771, -0.3177983792649478]
[79, 46, 778, 777, 819, 776, 779, 818, 660, -0.9221532549603928, -0.630100505666001]
[77, 45, 779, 778, 781, 776, 777, -0.9217800054339923, -0.35703064223010983]
[77, 41, 780, 781, 816, 813, 814, 817, -0.8096925728011489, -0.06962049181192209]
[76, 43, 781, 779, 780, 784, -0.6028009783930586, -0.4518859491034267]
[72, 41, 782, 805, 783, 804, 803, 801, 784, 802, -0.5390702076210173, -0.7967606035637805]
[72, 43, 783, 804, 784, 782, 803, 789, 790, 787, 786, 792, 802, 805, 791, 801, -0.900883865752863, -0.2389644083435053]
[73, 44, 784, 783, 786, 787, 789, 804, 785, 781, 782, 788, 790, 803, -0.5981242633011865, -0.8573414358085198]
[73, 47, 785, 786, 788, 787, 764, 789, 784, 766, 765, 790, -0.008417873125519004, -0.29988626227439297]
[73, 46, 786, 785, 787, 788, 784, 789, 783, 790, 764, 766, 804, -0.11503981269520791, -0.6667946356721082]
[72, 46, 787, 786, 788, 785, 789, 784, 790, 766, 783, 764, 791, 804, 765, 792, 803, -0.2693054015665536, -0.8899513293031002]
[72, 47, 788, 785, 787, 786, 764, 766, 789, 765, 790, 784, 791, -0.15929120094662397, -0.9317655901728457]
[71, 45, 789, 790, 787, 791, 804, 783, 784, 786, 788, 792, 803, 785, 766, 802, -0.5787266688329719, -0.7063491070581409]
[70, 45, 790, 789, 791, 792, 803, 787, 804, 783, 788, 766, 784, 786, 802, 760, 785, -0.14750670308541602, -0.6308726931653755]
[69, 45, 791, 790, 792, 789, 803, 804, 802, 760, 766, 787, 793, 783, 788, -0.9428961597180759, -0.35807499049475333]
[69, 44, 792, 791, 790, 803, 802, 789, 804, 801, 783, 787, 793, -0.19961848610591937, -0.5106047530826394]
[66, 46, 793, 795, 794, 796, 760, 797, 758, 25, 759, 791, 792, -0.3670311008473167, -0.047999343194946475]
[64, 47, 794, 27, 796, 25, 26, 69, 793, 795, 70, 758, 797, 72, 71, 759, -0.21472305418117543, -0.517261963391646]
[65, 45, 795, 796, 793, 797, 25, 794, 26, 27, -0.01298419063765488, -0.26138125377737675]
[64, 45, 796, 25, 795, 797, 794, 26, 793, 27, -0.17407359221741947, -0.64815793467774]
[64, 44, 797, 796, 25, 795, 26, 793, 794, 798, 24, 27, -0.7622382843005269, -0.803060592961697]
[64, 41, 798, 24, 799, 797, 23, 800, 17, -0.4683353400938959, -0.8551308584059346]
[66, 40, 799, 800, 798, 807, 801, 802, -0.3386245890596855, -0.21760343825580353]
[67, 40, 800, 799, 801, 807, 802, 798, -0.8346602099711894, -0.34458339820864337]
[69, 41, 801, 802, 800, 803, 805, 804, 782, 792, 799, 807, 783, -0.9837326914587597, -0.9496740224553659]
[69, 42, 802, 801, 803, 792, 804, 800, 805, 791, 782, 783, 790, 789, 799, -0.03869502317649398, -0.48027742366258275]
[70, 43, 803, 804, 792, 802, 783, 790, 789, 791, 801, 782, 784, 805, 787, -0.8637274256509027, -0.9815209533168338]
[71, 43, 804, 783, 803, 789, 782, 784, 790, 792, 802, 791, 801, 805, 787, 786, -0.45918194847882665, -0.809414370131705]
[71, 40, 805, 782, 801, 802, 804, 783, 803, 807, -0.6238226444410909, -0.08568497662289387]
[68, 36, 806, 807, 809, -0.733214595870785, -0.12842296751307825]
[68, 38, 807, 806, 800, 799, 801, 805, -0.1045963795560716, -0.9755400963871612]
[64, 36, 808, 17, -0.07414895785458919, -0.10240887831109668]
[69, 34, 809, 806, 810, -0.8224379031178484, -0.20539742199888]
[71, 33, 810, 809, -0.9445705402923185, -0.6961013856694954]
[75, 33, 811, -0.232033313323309, -0.20356841689272842]
[76, 37, 812, 813, 814, -0.5063466833384378, -0.9792947633523087]
[76, 38, 813, 812, 814, 780, -0.939190210161593, -0.3302158377513239]
[78, 38, 814, 813, 812, 815, 780, 816, -0.1501941333110669, -0.21175007233739906]
[80, 37, 815, 814, -0.4157442982365358, -0.09824964012369908]
[80, 41, 816, 817, 780, 814, -0.8041649867654974, -0.7830047221924931]
[80, 42, 817, 816, 780, 818, -0.8541498846237617, -0.4467895944195055]
[81, 45, 818, 819, 778, 820, 817, 777, -0.29013836788674907, -0.32981403357521044]
[81, 46, 819, 818, 778, 777, 660, 820, 776, -0.2557108308384415, -0.9846175596143312]
[84, 45, 820, 821, 818, 819, -0.022826564728408383, -0.6598316343706884]
[86, 44, 821, 820, -0.567654886528556, -0.32297338716899604]
[91, 46, 822, 653, -0.2214876863601185, -0.8334004629596533]
[72, 25, 823, -0.39324829529889493, -0.4270148825236748]
[64, 31, 824, -0.5733578458414126, -0.9222422821254147]
[65, 20, 825, -0.5905109353772976, -0.2379376843806753]
1.2885034084320068