256
[0, 0, 0, 1, 3, 2, 4, 14, 7, 13, 8, -0.8041036162654791, -0.9098618982885863]
[0, 1, 1, 0, 2, 14, 3, 13, 7, 15, 4, 8, 12, 11, -0.8497721035353863, -0.6440201076317251]
[1, 1, 2, 1, 3, 7, 13, 0, 4, 8, 14, 6, 12, 5, 9, 11, 15, 10, -0.440508036239759, -0.6370533745482949]
[1, 0, 3, 0, 2, 4, 1, 7, 5, 13, 6, 8, 14, 9, -0.7545130584277006, -0.6573161083111401]
[2, 0, 4, 3, 5, 7, 2, 6, 0, 8, 58, 1, 9, 13, 57, 14, 54, -0.07001085527645101, -0.10903433448493205]
[3, 0, 5, 4, 6, 58, 7, 57, 3, 9, 59, 2, 8, 54, 56, 13, 55, -0.40379867180019857, -0.4077748011665998]
[3, 1, 6, 5, 7, 9, 57, 4, 8, 54, 58, 2, 10, 56, 3, 11, 13, 53, 55, 59, 12, 52, -0.33368312292847924, -0.546245860383593]
[2, 1, 7, 2, 4, 6, 8, 3, 5, 9, 13, 1, 11, 57, 0, 10, 12, 14, 54, 58, 15, 53, -0.29079279557036375, -0.8302343172681261]
[2, 2, 8, 7, 9, 11, 13, 2, 6, 10, 12, 4, 14, 30, 54, 1, 3, 5, 15, 17, 31, 53, 57, 0, 16, 32, 58, -0.14739340386690503, -0.7146107826229752]
[3, 2, 9, 6, 8, 10, 54, 7, 11, 53, 57, 5, 13, 31, 55, 2, 4, 12, 30, 32, 52, 56, 58, 3, 17, 33, 59, -0.42391568351328746, -0.13783925164195188]
[3, 3, 10, 9, 11, 31, 53, 8, 30, 32, 54, 6, 12, 28, 52, 7, 13, 17, 29, 33, 35, 55, 57, 2, 18, 34, 56, -0.08766588845875645, -0.4949211688037155]
[2, 3, 11, 8, 10, 12, 30, 9, 13, 17, 31, 7, 15, 29, 53, 2, 6, 14, 16, 18, 28, 32, 54, 1, 19, 35, 57, -0.6501040954081128, -0.9924424325368278]
[1, 3, 12, 11, 13, 15, 17, 8, 14, 16, 30, 2, 10, 18, 1, 7, 9, 19, 29, 31, 6, 28, -0.9691671875664603, -0.3867087906615063]
[1, 2, 13, 2, 8, 12, 14, 1, 7, 11, 15, 3, 9, 17, 0, 4, 6, 10, 16, 30, 5, 31, -0.009856350251978507, -0.06707543512282388]
[0, 2, 14, 1, 13, 15, 2, 12, 0, 8, 16, 3, 7, 11, 17, 4, 30, -0.4659784342971388, -0.08723410644125362]
[0, 3, 15, 12, 14, 16, 13, 17, 1, 11, 19, 2, 8, 18, 30, 7, 29, -0.6761695697514724, -0.6608774918617119]
[0, 4, 16, 15, 17, 19, 12, 18, 14, 20, 30, 11, 13, 23, 29, 8, 24, -0.5664298554210917, -0.9351564908217341]
[1, 4, 17, 12, 16, 18, 30, 11, 15, 19, 29, 13, 23, 31, 8, 10, 14, 20, 24, 28, 9, 27, -0.24350077861352348, -0.18026803935715896]
[1, 5, 18, 17, 19, 23, 29, 16, 20, 24, 30, 12, 22, 28, 11, 15, 21, 25, 27, 31, 10, 26, -0.49432164782985255, -0.8112862362000997]
[0, 5, 19, 16, 18, 20, 17, 23, 15, 21, 29, 12, 22, 24, 30, 11, 25, -0.19881090192527495, -0.3790338347363176]
[0, 6, 20, 19, 21, 23, 18, 22, 16, 24, 234, 17, 25, 29, 233, 30, 230, -0.5897371308076829, -0.6513144636445698]
[0, 7, 21, 20, 22, 234, 23, 233, 19, 25, 235, 18, 24, 230, 232, 29, 231, -0.6629321051148451, -0.5563541267802978]
[1, 7, 22, 21, 23, 25, 233, 20, 24, 230, 234, 18, 26, 232, 19, 27, 29, 229, 231, 235, 28, 228, -0.4665277703569938, -0.5361908099006961]
[1, 6, 23, 18, 20, 22, 24, 19, 21, 25, 29, 17, 27, 233, 16, 26, 28, 30, 230, 234, 31, 229, -0.37140606814121013, -0.676464351694333]
[2, 6, 24, 23, 25, 27, 29, 18, 22, 26, 28, 20, 30, 36, 230, 17, 19, 21, 31, 35, 37, 229, 233, 16, 32, 218, 234, -0.9092129153640931, -0.29971122873468137]
[2, 7, 25, 22, 24, 26, 230, 23, 27, 229, 233, 21, 29, 37, 231, 18, 20, 28, 36, 218, 228, 232, 234, 19, 35, 219, 235, -0.3536441744019275, -0.7159305386518049]
[3, 7, 26, 25, 27, 37, 229, 24, 36, 218, 230, 22, 28, 38, 228, 23, 29, 35, 39, 217, 219, 231, 233, 18, 34, 216, 232, -0.32572007369748657, -0.48448590187508367]
[3, 6, 27, 24, 26, 28, 36, 25, 29, 35, 37, 23, 31, 39, 229, 18, 22, 30, 32, 34, 38, 218, 230, 17, 33, 217, 233, -0.14356380472860264, -0.9550240363032001]
[3, 5, 28, 27, 29, 31, 35, 24, 30, 32, 36, 10, 18, 26, 34, 11, 17, 23, 25, 33, 37, 39, 53, 12, 22, 38, 52, -0.718364435175756, -0.2754722571525846]
[2, 5, 29, 18, 24, 28, 30, 17, 23, 27, 31, 11, 19, 25, 35, 10, 12, 16, 20, 22, 26, 32, 36, 15, 21, 37, 53, -0.8789312763799599, -0.1086778363265819]
[2, 4, 30, 11, 17, 29, 31, 10, 12, 18, 28, 8, 16, 24, 32, 9, 13, 15, 19, 23, 27, 35, 53, 14, 20, 36, 54, -0.5756529886206373, -0.15188690447522057]
[3, 4, 31, 10, 28, 30, 32, 11, 29, 35, 53, 9, 17, 27, 33, 8, 12, 18, 24, 34, 36, 52, 54, 13, 23, 39, 55, -0.5996216133363698, -0.5485343393675431]
[4, 4, 32, 31, 33, 35, 53, 10, 28, 34, 52, 30, 36, 46, 54, 9, 11, 27, 29, 39, 45, 51, 55, 8, 24, 40, 50, -0.19720663659854887, -0.6697782604866487]
[5, 4, 33, 32, 34, 46, 52, 35, 45, 51, 53, 31, 39, 47, 55, 10, 28, 36, 40, 44, 48, 50, 54, 9, 27, 43, 49, -0.6680614480042849, -0.01887502089861748]
[5, 5, 34, 33, 35, 39, 45, 32, 36, 40, 46, 28, 38, 44, 52, 27, 31, 37, 41, 43, 47, 51, 53, 10, 26, 42, 48, -0.9992093091014362, -0.9665140649306088]
[4, 5, 35, 28, 32, 34, 36, 27, 31, 33, 39, 29, 37, 45, 53, 10, 24, 26, 30, 38, 40, 46, 52, 11, 25, 41, 51, -0.46630038051409006, -0.5691021206399176]
[4, 6, 36, 27, 35, 37, 39, 26, 28, 34, 38, 24, 32, 40, 218, 25, 29, 31, 33, 41, 45, 217, 229, 30, 46, 214, 230, -0.24763264504189264, -0.9703038542802307]
[4, 7, 37, 26, 36, 38, 218, 27, 39, 217, 229, 25, 35, 41, 219, 24, 28, 34, 40, 214, 216, 228, 230, 29, 45, 215, 231, -0.24626466222166987, -0.797012906714237]
[5, 7, 38, 37, 39, 41, 217, 36, 40, 214, 218, 26, 34, 42, 216, 27, 35, 43, 45, 213, 215, 219, 229, 28, 44, 212, 228, -0.6345967253123413, -0.31452789886273724]
[5, 6, 39, 34, 36, 38, 40, 35, 37, 41, 45, 27, 33, 43, 217, 26, 28, 32, 42, 44, 46, 214, 218, 31, 47, 213, 229, -0.4698105663102995, -0.6031724878546972]
[6, 6, 40, 39, 41, 43, 45, 34, 38, 42, 44, 36, 46, 124, 214, 33, 35, 37, 47, 123, 127, 213, 217, 32, 122, 128, 218, -0.5472068883369141, -0.28024451944118944]
[6, 7, 41, 38, 40, 42, 214, 39, 43, 213, 217, 37, 45, 127, 215, 34, 36, 44, 124, 128, 212, 216, 218, 35, 123, 131, 219, -0.3894404978902998, -0.010330275898359997]
[7, 7, 42, 41, 43, 127, 213, 40, 124, 128, 214, 38, 44, 126, 212, 39, 45, 123, 125, 129, 131, 215, 217, 34, 120, 130, 216, -0.51842817377561, -0.47929918877909605]
[7, 6, 43, 40, 42, 44, 124, 41, 45, 123, 127, 39, 47, 125, 213, 34, 38, 46, 120, 122, 126, 128, 214, 33, 121, 129, 217, -0.9789408916712528, -0.032494124831470184]
[7, 5, 44, 43, 45, 47, 123, 40, 46, 122, 124, 34, 42, 48, 120, 33, 39, 41, 51, 69, 121, 125, 127, 38, 52, 70, 126, -0.4606106753411989, -0.01647601082793748]
[6, 5, 45, 34, 40, 44, 46, 33, 39, 43, 47, 35, 41, 51, 123, 32, 36, 38, 42, 48, 52, 122, 124, 37, 53, 69, 127, -0.10438263623292365, -0.7017272470350745]
[6, 4, 46, 33, 45, 47, 51, 34, 44, 48, 52, 32, 40, 50, 122, 35, 39, 43, 49, 53, 55, 69, 123, 36, 54, 68, 124, -0.4869357535040948, -0.8518174525241928]
[7, 4, 47, 44, 46, 48, 122, 45, 51, 69, 123, 33, 43, 49, 121, 34, 40, 50, 52, 68, 70, 120, 124, 39, 55, 71, 125, -0.9048126565784423, -0.46639401395662716]
[7, 3, 48, 47, 49, 51, 69, 46, 50, 68, 122, 44, 52, 62, 70, 33, 45, 55, 61, 67, 71, 121, 123, 34, 56, 66, 120, -0.6518866661685573, -0.22517980886826583]
[7, 2, 49, 48, 50, 62, 68, 51, 61, 67, 69, 47, 55, 63, 71, 46, 52, 56, 60, 64, 66, 70, 122, 33, 59, 65, 121, -0.5558524535774544, -0.3314383528833613]
[6, 2, 50, 49, 51, 55, 61, 48, 52, 56, 62, 46, 54, 60, 68, 33, 47, 53, 57, 59, 63, 67, 69, 32, 58, 64, 122, -0.22455170506789468, -0.9139855378427788]
[6, 3, 51, 46, 48, 50, 52, 33, 47, 49, 55, 45, 53, 61, 69, 32, 34, 44, 54, 56, 62, 68, 122, 35, 57, 67, 123, -0.21189736152812744, -0.5746710400590427]
[5, 3, 52, 33, 51, 53, 55, 32, 46, 50, 54, 10, 34, 48, 56, 9, 31, 35, 45, 47, 49, 57, 61, 6, 28, 44, 62, -0.3996964721813603, -0.07846084517459861]
[4, 3, 53, 10, 32, 52, 54, 9, 31, 33, 55, 11, 35, 51, 57, 6, 8, 28, 30, 34, 46, 50, 56, 7, 29, 45, 61, -0.6835824347307926, -0.7923254833447838]
[4, 2, 54, 9, 53, 55, 57, 6, 10, 52, 56, 8, 32, 50, 58, 5, 7, 11, 31, 33, 51, 59, 61, 4, 30, 46, 60, -0.4032193112081761, -0.15598543601462667]
[5, 2, 55, 50, 52, 54, 56, 51, 53, 57, 61, 9, 33, 49, 59, 6, 10, 32, 46, 48, 58, 60, 62, 5, 31, 47, 63, -0.10986797020709949, -0.7780610083116093]
[5, 1, 56, 55, 57, 59, 61, 50, 54, 58, 60, 6, 52, 62, 5, 9, 49, 51, 53, 63, 10, 48, -0.5367099587766937, -0.2081609070419036]
[4, 1, 57, 6, 54, 56, 58, 5, 9, 55, 59, 7, 53, 61, 4, 8, 10, 50, 52, 60, 11, 51, -0.09761055124748075, -0.06422060364058324]
[4, 0, 58, 5, 57, 59, 6, 56, 4, 54, 60, 7, 9, 55, 61, 8, 50, -0.048531787940715665, -0.45327674138951446]
[5, 0, 59, 56, 58, 60, 57, 61, 5, 55, 63, 6, 50, 54, 62, 9, 49, -0.12196647362590696, -0.5044801935710599]
[6, 0, 60, 59, 61, 63, 56, 62, 50, 58, 64, 49, 55, 57, 67, 54, 68, -0.361689583346655, -0.4860353370086058]
[6, 1, 61, 50, 56, 60, 62, 49, 55, 59, 63, 51, 57, 67, 48, 52, 54, 58, 64, 68, 53, 69, -0.29161668449714717, -0.4640057611617109]
[7, 1, 62, 49, 61, 63, 67, 50, 60, 64, 68, 48, 56, 66, 51, 55, 59, 65, 69, 71, 52, 70, -0.26627422131822653, -0.4056122467992972]
[7, 0, 63, 60, 62, 64, 61, 67, 49, 59, 65, 50, 56, 66, 68, 55, 71, -0.752400719787884, -0.9087526223510538]
[8, 0, 64, 63, 65, 67, 62, 66, 60, 68, 78, 49, 61, 71, 77, 50, 72, -0.09669830113083655, -0.011103450157462058]
[9, 0, 65, 64, 66, 78, 67, 77, 63, 71, 79, 62, 68, 72, 76, 49, 75, -0.3807314883945351, -0.5247495325806419]
[9, 1, 66, 65, 67, 71, 77, 64, 68, 72, 78, 62, 70, 76, 49, 63, 69, 73, 75, 79, 48, 74, -0.9021412593396804, -0.33145709216056307]
[8, 1, 67, 62, 64, 66, 68, 49, 63, 65, 71, 61, 69, 77, 48, 50, 60, 70, 72, 78, 51, 73, -0.9126545289910416, -0.6590892795505331]
[8, 2, 68, 49, 67, 69, 71, 48, 62, 66, 70, 50, 64, 72, 122, 47, 51, 61, 63, 65, 73, 77, 121, 46, 60, 78, 118, -0.20898191830844548, -0.5824336327917258]
[8, 3, 69, 48, 68, 70, 122, 47, 49, 71, 121, 51, 67, 73, 123, 44, 46, 50, 62, 66, 72, 118, 120, 45, 61, 77, 119, -0.14794384099693192, -0.10764996243754732]
[9, 3, 70, 69, 71, 73, 121, 68, 72, 118, 122, 48, 66, 74, 120, 47, 49, 67, 75, 77, 117, 119, 123, 44, 62, 76, 116, -0.4953903097184137, -0.20688245306075215]
[9, 2, 71, 66, 68, 70, 72, 67, 69, 73, 77, 49, 65, 75, 121, 48, 62, 64, 74, 76, 78, 118, 122, 47, 63, 79, 117, -0.3338853279680867, -0.07268965093160051]
[10, 2, 72, 71, 73, 75, 77, 66, 70, 74, 76, 68, 78, 94, 118, 65, 67, 69, 79, 81, 95, 117, 121, 64, 80, 96, 122, -0.0648872730221447, -0.21237288776208685]
[10, 3, 73, 70, 72, 74, 118, 71, 75, 117, 121, 69, 77, 95, 119, 66, 68, 76, 94, 96, 116, 120, 122, 67, 81, 97, 123, -0.3141217176497202, -0.7749306753707143]
[11, 3, 74, 73, 75, 95, 117, 72, 94, 96, 118, 70, 76, 92, 116, 71, 77, 81, 93, 97, 99, 119, 121, 66, 82, 98, 120, -0.9095926724518435, -0.9983116842199692]
[11, 2, 75, 72, 74, 76, 94, 73, 77, 81, 95, 71, 79, 93, 117, 66, 70, 78, 80, 82, 92, 96, 118, 65, 83, 99, 121, -0.24097290808924243, -0.7737054269956298]
[11, 1, 76, 75, 77, 79, 81, 72, 78, 80, 94, 66, 74, 82, 65, 71, 73, 83, 93, 95, 70, 92, -0.5284835015149334, -0.29659328092757464]
[10, 1, 77, 66, 72, 76, 78, 65, 71, 75, 79, 67, 73, 81, 64, 68, 70, 74, 80, 94, 69, 95, -0.9361310202229461, -0.4780928450064643]
[10, 0, 78, 65, 77, 79, 66, 76, 64, 72, 80, 67, 71, 75, 81, 68, 94, -0.5832630964505473, -0.9654236039238331]
[11, 0, 79, 76, 78, 80, 77, 81, 65, 75, 83, 66, 72, 82, 94, 71, 93, -0.7916093999056724, -0.4855957193079373]
[12, 0, 80, 79, 81, 83, 76, 82, 78, 84, 94, 75, 77, 87, 93, 72, 88, -0.15202115041114672, -0.8778229430352269]
[12, 1, 81, 76, 80, 82, 94, 75, 79, 83, 93, 77, 87, 95, 72, 74, 78, 84, 88, 92, 73, 91, -0.24056142034207084, -0.464457059517175]
[13, 1, 82, 81, 83, 87, 93, 80, 84, 88, 94, 76, 86, 92, 75, 79, 85, 89, 91, 95, 74, 90, -0.25862211809878444, -0.371483806603062]
[13, 0, 83, 80, 82, 84, 81, 87, 79, 85, 93, 76, 86, 88, 94, 75, 89, -0.4341930354997706, -0.9661163232616197]
[14, 0, 84, 83, 85, 87, 82, 86, 80, 88, 81, 89, 93, 94, -0.3445994910343053, -0.4976730665495982]
[15, 0, 85, 84, 86, 87, 83, 89, 82, 88, 93, -0.2401866281884183, -0.466588354886748]
[15, 1, 86, 85, 87, 89, 84, 88, 82, 90, 83, 91, 93, 92, -0.5910553160406744, -0.5083086238635097]
[14, 1, 87, 82, 84, 86, 88, 83, 85, 89, 93, 81, 91, 80, 90, 92, 94, 95, -0.21891772598996984, -0.05421666129554448]
[14, 2, 88, 87, 89, 91, 93, 82, 86, 90, 92, 84, 94, 100, 81, 83, 85, 95, 99, 101, 80, 96, -0.24789493739669854, -0.9228828630035623]
[15, 2, 89, 86, 88, 90, 87, 91, 85, 93, 101, 82, 84, 92, 100, 83, 99, -0.42101621301758474, -0.9160747749468193]
[15, 3, 90, 89, 91, 101, 88, 100, 86, 92, 102, 87, 93, 99, 103, 82, 98, -0.548335974239885, -0.27673904309427]
[14, 3, 91, 88, 90, 92, 100, 89, 93, 99, 101, 87, 95, 103, 82, 86, 94, 96, 98, 102, 81, 97, -0.15150827302782743, -0.6930666726839555]
[13, 3, 92, 91, 93, 95, 99, 88, 94, 96, 100, 74, 82, 90, 98, 75, 81, 87, 89, 97, 101, 103, 117, 76, 86, 102, 116, -0.9972959745827241, -0.5466961615861231]
[13, 2, 93, 82, 88, 92, 94, 81, 87, 91, 95, 75, 83, 89, 99, 74, 76, 80, 84, 86, 90, 96, 100, 79, 85, 101, 117, -0.6544094379596832, -0.026887417931957924]
[12, 2, 94, 75, 81, 93, 95, 74, 76, 82, 92, 72, 80, 88, 96, 73, 77, 79, 83, 87, 91, 99, 117, 78, 84, 100, 118, -0.4997252283525381, -0.012709994524421342]
[12, 3, 95, 74, 92, 94, 96, 75, 93, 99, 117, 73, 81, 91, 97, 72, 76, 82, 88, 98, 100, 116, 118, 77, 87, 103, 119, -0.5930526783637928, -0.6234991309226132]
[12, 4, 96, 95, 97, 99, 117, 74, 92, 98, 116, 94, 100, 110, 118, 73, 75, 91, 93, 103, 109, 115, 119, 72, 88, 104, 114, -0.5686502398823634, -0.8923438592753802]
[12, 5, 97, 96, 98, 110, 116, 99, 109, 115, 117, 95, 103, 111, 119, 74, 92, 100, 104, 108, 112, 114, 118, 73, 91, 107, 113, -0.3889781879032391, -0.9766571141375803]
[13, 5, 98, 97, 99, 103, 109, 96, 100, 104, 110, 92, 102, 108, 116, 91, 95, 101, 105, 107, 111, 115, 117, 74, 90, 106, 112, -0.32851004006846796, -0.5087886712404802]
[13, 4, 99, 92, 96, 98, 100, 91, 95, 97, 103, 93, 101, 109, 117, 74, 88, 90, 94, 102, 104, 110, 116, 75, 89, 105, 115, -0.1275106390266597, -0.8488555829915908]
[14, 4, 100, 91, 99, 101, 103, 90, 92, 98, 102, 88, 96, 104, 89, 93, 95, 97, 105, 109, 94, 110, -0.7002627381325325, -0.283474626461531]
[15, 4, 101, 90, 100, 102, 91, 103, 89, 99, 105, 88, 92, 98, 104, 93, 109, -0.7680663282335133, -0.9281485440274128]
[15, 5, 102, 101, 103, 105, 100, 104, 90, 98, 106, 91, 99, 107, 109, 92, 108, -0.7749704660109784, -0.966163039639228]
[14, 5, 103, 98, 100, 102, 104, 99, 101, 105, 109, 91, 97, 107, 90, 92, 96, 106, 108, 110, 95, 111, -0.6264548529408906, -0.49792784771789433]
[14, 6, 104, 103, 105, 107, 109, 98, 102, 106, 108, 100, 110, 148, 97, 99, 101, 111, 147, 149, 96, 144, -0.5736874735765066, -0.39792098739216863]
[15, 6, 105, 102, 104, 106, 103, 107, 101, 109, 149, 98, 100, 108, 148, 99, 147, -0.6253237964903477, -0.7574204102260679]
[15, 7, 106, 105, 107, 149, 104, 148, 102, 108, 150, 103, 109, 147, 151, 98, 146, -0.15257013793728935, -0.7321245002621557]
[14, 7, 107, 104, 106, 108, 148, 105, 109, 147, 149, 103, 111, 151, 98, 102, 110, 144, 146, 150, 97, 145, -0.28293093026171257, -0.922094915166201]
[13, 7, 108, 107, 109, 111, 147, 104, 110, 144, 148, 98, 106, 112, 146, 97, 103, 105, 115, 143, 145, 149, 151, 102, 116, 140, 150, -0.963235029745278, -0.7784957054926058]
[13, 6, 109, 98, 104, 108, 110, 97, 103, 107, 111, 99, 105, 115, 147, 96, 100, 102, 106, 112, 116, 144, 148, 101, 117, 143, 149, -0.6682978322739546, -0.5290625317175985]
[12, 6, 110, 97, 109, 111, 115, 98, 108, 112, 116, 96, 104, 114, 144, 99, 103, 107, 113, 117, 119, 143, 147, 100, 118, 142, 148, -0.2732567214638735, -0.11848684185965563]
[12, 7, 111, 108, 110, 112, 144, 109, 115, 143, 147, 97, 107, 113, 145, 98, 104, 114, 116, 140, 142, 146, 148, 103, 119, 141, 151, -0.4148896164147351, -0.31395882624146443]
[11, 7, 112, 111, 113, 115, 143, 110, 114, 142, 144, 108, 116, 126, 140, 97, 109, 119, 125, 129, 141, 145, 147, 98, 120, 130, 146, -0.6362949095215427, -0.16995176382725696]
[10, 7, 113, 112, 114, 126, 142, 115, 125, 129, 143, 111, 119, 127, 141, 110, 116, 120, 124, 128, 130, 140, 144, 97, 123, 131, 145, -0.842478513600578, -0.31381232879928067]
[10, 6, 114, 113, 115, 119, 125, 112, 116, 120, 126, 110, 118, 124, 142, 97, 111, 117, 121, 123, 127, 129, 143, 96, 122, 128, 144, -0.7499542932778948, -0.19970368150917217]
[11, 6, 115, 110, 112, 114, 116, 97, 111, 113, 119, 109, 117, 125, 143, 96, 98, 108, 118, 120, 126, 142, 144, 99, 121, 129, 147, -0.3642197224600473, -0.06492799559355111]
[11, 5, 116, 97, 115, 117, 119, 96, 110, 114, 118, 74, 98, 112, 120, 73, 95, 99, 109, 111, 113, 121, 125, 70, 92, 108, 126, -0.39168271464200854, -0.5083009741029565]
[11, 4, 117, 74, 96, 116, 118, 73, 95, 97, 119, 75, 99, 115, 121, 70, 72, 92, 94, 98, 110, 114, 120, 71, 93, 109, 125, -0.9980223239949781, -0.9626164950554819]
[10, 4, 118, 73, 117, 119, 121, 70, 74, 116, 120, 72, 96, 114, 122, 69, 71, 75, 95, 97, 115, 123, 125, 68, 94, 110, 124, -0.4420173536681219, -0.4226338502377309]
[10, 5, 119, 114, 116, 118, 120, 115, 117, 121, 125, 73, 97, 113, 123, 70, 74, 96, 110, 112, 122, 124, 126, 69, 95, 111, 127, -0.21719475550246414, -0.8718242486179274]
[9, 5, 120, 119, 121, 123, 125, 114, 118, 122, 124, 44, 70, 116, 126, 43, 47, 69, 73, 113, 115, 117, 127, 42, 48, 74, 112, -0.7795053993806387, -0.028112096750085303]
[9, 4, 121, 70, 118, 120, 122, 69, 73, 119, 123, 47, 71, 117, 125, 44, 48, 68, 72, 74, 114, 116, 124, 43, 49, 75, 115, -0.9688382757608018, -0.8539684165873351]
[8, 4, 122, 47, 69, 121, 123, 44, 48, 70, 120, 46, 68, 118, 124, 43, 45, 49, 51, 71, 73, 119, 125, 40, 50, 72, 114, -0.8625626437650323, -0.15933606978583537]
[8, 5, 123, 44, 120, 122, 124, 43, 47, 121, 125, 45, 69, 119, 127, 40, 42, 46, 48, 70, 114, 118, 126, 41, 51, 73, 113, -0.5022125459511833, -0.4125659132539983]
[8, 6, 124, 43, 123, 125, 127, 42, 44, 120, 126, 40, 114, 122, 128, 41, 45, 47, 113, 119, 121, 129, 213, 46, 118, 142, 214, -0.053293411880190766, -0.3075509991360045]
[9, 6, 125, 114, 120, 124, 126, 113, 119, 123, 127, 43, 115, 121, 129, 42, 44, 112, 116, 118, 122, 128, 142, 47, 117, 143, 213, -0.36371881848920173, -0.07523999597791875]
[9, 7, 126, 113, 125, 127, 129, 114, 124, 128, 142, 42, 112, 120, 130, 43, 115, 119, 123, 131, 141, 143, 213, 44, 116, 140, 212, -0.8751112271594479, -0.9880018804704517]
[8, 7, 127, 42, 124, 126, 128, 43, 125, 129, 213, 41, 113, 123, 131, 40, 44, 114, 120, 130, 142, 212, 214, 45, 119, 141, 215, -0.035280306739219, -0.1854083864257241]
[8, 8, 128, 127, 129, 131, 213, 42, 126, 130, 212, 124, 132, 142, 214, 41, 43, 113, 125, 135, 141, 211, 215, 40, 114, 136, 210, -0.7037310210633839, -0.6847566642368699]
[9, 8, 129, 126, 128, 130, 142, 113, 127, 131, 141, 125, 135, 143, 213, 42, 112, 114, 124, 132, 136, 140, 212, 43, 115, 139, 211, -0.6452744211663543, -0.11489135299099273]
[9, 9, 130, 129, 131, 135, 141, 128, 132, 136, 142, 126, 134, 140, 212, 113, 127, 133, 137, 139, 143, 211, 213, 42, 112, 138, 208, -0.3085343056649078, -0.797824232136287]
[8, 9, 131, 128, 130, 132, 212, 129, 135, 211, 213, 127, 133, 141, 215, 42, 126, 134, 136, 142, 208, 210, 214, 41, 113, 137, 209, -0.47495556181857246, -0.76833116482465]
[8, 10, 132, 131, 133, 135, 211, 130, 134, 208, 212, 128, 136, 186, 210, 129, 137, 141, 185, 207, 209, 213, 215, 142, 182, 204, 214, -0.9829100723024512, -0.8913288093725843]
[8, 11, 133, 132, 134, 186, 208, 135, 185, 207, 211, 131, 137, 187, 209, 130, 136, 182, 184, 204, 206, 210, 212, 141, 183, 205, 215, -0.7650563554615877, -0.8236865108745741]
[9, 11, 134, 133, 135, 137, 185, 132, 136, 182, 186, 130, 138, 184, 208, 131, 139, 141, 181, 183, 187, 207, 211, 140, 180, 206, 212, -0.9872401057712749, -0.07650460662770853]
[9, 10, 135, 130, 132, 134, 136, 131, 133, 137, 141, 129, 139, 185, 211, 128, 138, 140, 142, 182, 186, 208, 212, 143, 181, 207, 213, -0.6272492574867667, -0.939829617214461]
[10, 10, 136, 135, 137, 139, 141, 130, 134, 138, 140, 132, 142, 158, 182, 129, 131, 133, 143, 145, 159, 181, 185, 128, 144, 160, 186, -0.6948315944253597, -0.21596999698523933]
[10, 11, 137, 134, 136, 138, 182, 135, 139, 181, 185, 133, 141, 159, 183, 130, 132, 140, 158, 160, 180, 184, 186, 131, 145, 161, 187, -0.6140207828355931, -0.989620099077199]
[11, 11, 138, 137, 139, 159, 181, 136, 158, 160, 182, 134, 140, 156, 180, 135, 141, 145, 157, 161, 163, 183, 185, 130, 146, 162, 184, -0.9478872533330548, -0.20340369611764197]
[11, 10, 139, 136, 138, 140, 158, 137, 141, 145, 159, 135, 143, 157, 181, 130, 134, 142, 144, 146, 156, 160, 182, 129, 147, 163, 185, -0.18262990489277242, -0.2564852755758946]
[11, 9, 140, 139, 141, 143, 145, 136, 142, 144, 158, 112, 130, 138, 146, 111, 113, 129, 135, 137, 147, 157, 159, 108, 126, 134, 156, -0.34893940601046025, -0.8691554184951189]
[10, 9, 141, 130, 136, 140, 142, 129, 135, 139, 143, 113, 131, 137, 145, 112, 126, 128, 132, 134, 138, 144, 158, 111, 127, 133, 159, -0.13389929455978444, -0.5731204042255101]
[10, 8, 142, 113, 129, 141, 143, 112, 126, 130, 140, 114, 128, 136, 144, 111, 115, 125, 127, 131, 135, 139, 145, 110, 124, 132, 158, -0.3368274934100295, -0.724839041611213]
[11, 8, 143, 112, 140, 142, 144, 111, 113, 141, 145, 115, 129, 139, 147, 108, 110, 114, 126, 130, 136, 146, 158, 109, 125, 135, 157, -0.41154631181945334, -0.8633702010429096]
[12, 8, 144, 111, 143, 145, 147, 108, 112, 140, 146, 110, 142, 148, 158, 107, 109, 113, 115, 139, 141, 151, 157, 104, 114, 136, 152, -0.5750923696792555, -0.6879224620620132]
[12, 9, 145, 140, 144, 146, 158, 139, 143, 147, 157, 111, 141, 151, 159, 108, 112, 136, 138, 142, 148, 152, 156, 107, 113, 137, 155, -0.005558730297204106, -0.6858921684570993]
[13, 9, 146, 145, 147, 151, 157, 144, 148, 152, 158, 108, 140, 150, 156, 107, 111, 139, 143, 149, 153, 155, 159, 106, 112, 138, 154, -0.23163627592182878, -0.6356889869443952]
[13, 8, 147, 108, 144, 146, 148, 107, 111, 145, 151, 109, 143, 149, 157, 104, 106, 110, 112, 140, 150, 152, 158, 105, 115, 139, 153, -0.1495053700876623, -0.3329034991278582]
[14, 8, 148, 107, 147, 149, 151, 106, 108, 146, 150, 104, 144, 152, 105, 109, 111, 145, 153, 157, 110, 158, -0.2914923674468126, -0.272632939205252]
[15, 8, 149, 106, 148, 150, 107, 151, 105, 147, 153, 104, 108, 146, 152, 109, 157, -0.8991512492811113, -0.9259497989299091]
[15, 9, 150, 149, 151, 153, 148, 152, 106, 146, 154, 107, 147, 155, 157, 108, 156, -0.8432380019894413, -0.3986163323185705]
[14, 9, 151, 146, 148, 150, 152, 147, 149, 153, 157, 107, 145, 155, 106, 108, 144, 154, 156, 158, 111, 159, -0.14173510874079542, -0.8908639312835295]
[14, 10, 152, 151, 153, 155, 157, 146, 150, 154, 156, 148, 158, 164, 145, 147, 149, 159, 163, 165, 144, 160, -0.27972430870948906, -0.04702466173558939]
[15, 10, 153, 150, 152, 154, 151, 155, 149, 157, 165, 146, 148, 156, 164, 147, 163, -0.7313136007535239, -0.05429627694855155]
[15, 11, 154, 153, 155, 165, 152, 164, 150, 156, 166, 151, 157, 163, 167, 146, 162, -0.6707920394843648, -0.8339320095830144]
[14, 11, 155, 152, 154, 156, 164, 153, 157, 163, 165, 151, 159, 167, 146, 150, 158, 160, 162, 166, 145, 161, -0.43566959497981106, -0.8170308546957489]
[13, 11, 156, 155, 157, 159, 163, 152, 158, 160, 164, 138, 146, 154, 162, 139, 145, 151, 153, 161, 165, 167, 181, 140, 150, 166, 180, -0.6288173909487713, -0.9820705982557258]
[13, 10, 157, 146, 152, 156, 158, 145, 151, 155, 159, 139, 147, 153, 163, 138, 140, 144, 148, 150, 154, 160, 164, 143, 149, 165, 181, -0.19369832749655014, -0.695679430594803]
[12, 10, 158, 139, 145, 157, 159, 138, 140, 146, 156, 136, 144, 152, 160, 137, 141, 143, 147, 151, 155, 163, 181, 142, 148, 164, 182, -0.7354362453708987, -0.6054333105615447]
[12, 11, 159, 138, 156, 158, 160, 139, 157, 163, 181, 137, 145, 155, 161, 136, 140, 146, 152, 162, 164, 180, 182, 141, 151, 167, 183, -0.1467558881951998, -0.4488361282612734]
[12, 12, 160, 159, 161, 163, 181, 138, 156, 162, 180, 158, 164, 174, 182, 137, 139, 155, 157, 167, 173, 179, 183, 136, 152, 168, 178, -0.06549733767726085, -0.8936835317503623]
[12, 13, 161, 160, 162, 174, 180, 163, 173, 179, 181, 159, 167, 175, 183, 138, 156, 164, 168, 172, 176, 178, 182, 137, 155, 171, 177, -0.8905664822430617, -0.22440696026786178]
[13, 13, 162, 161, 163, 167, 173, 160, 164, 168, 174, 156, 166, 172, 180, 155, 159, 165, 169, 171, 175, 179, 181, 138, 154, 170, 176, -0.07236942437600402, -0.981887497559109]
[13, 12, 163, 156, 160, 162, 164, 155, 159, 161, 167, 157, 165, 173, 181, 138, 152, 154, 158, 166, 168, 174, 180, 139, 153, 169, 179, -0.2898560948078468, -0.4712454260193838]
[14, 12, 164, 155, 163, 165, 167, 154, 156, 162, 166, 152, 160, 168, 153, 157, 159, 161, 169, 173, 158, 174, -0.2732836177435487, -0.2526867727960942]
[15, 12, 165, 154, 164, 166, 155, 167, 153, 163, 169, 152, 156, 162, 168, 157, 173, -0.7605917162912694, -0.765998021668086]
[15, 13, 166, 165, 167, 169, 164, 168, 154, 162, 170, 155, 163, 171, 173, 156, 172, -0.2410064716915291, -0.3152897259809486]
[14, 13, 167, 162, 164, 166, 168, 163, 165, 169, 173, 155, 161, 171, 154, 156, 160, 170, 172, 174, 159, 175, -0.3307793099095717, -0.36145318621776223]
[14, 14, 168, 167, 169, 171, 173, 162, 166, 170, 172, 164, 174, 161, 163, 165, 175, 160, -0.0691714646936672, -0.05067341716401852]
[15, 14, 169, 166, 168, 170, 167, 171, 165, 173, 162, 164, 172, 163, -0.36655941695771654, -0.017501223577960134]
[15, 15, 170, 169, 171, 168, 166, 172, 167, 173, 162, -0.8141529333563237, -0.7238766825927538]
[14, 15, 171, 168, 170, 172, 169, 173, 167, 175, 162, 166, 174, 161, -0.07335471338676991, -0.4966020737937774]
[13, 15, 172, 171, 173, 175, 168, 174, 162, 170, 176, 161, 167, 169, 179, 166, 180, -0.7735146575732373, -0.5928607826721953]
[13, 14, 173, 162, 168, 172, 174, 161, 167, 171, 175, 163, 169, 179, 160, 164, 166, 170, 176, 180, 165, 181, -0.3133642979867328, -0.5176559554652486]
[12, 14, 174, 161, 173, 175, 179, 162, 172, 176, 180, 160, 168, 178, 163, 167, 171, 177, 181, 183, 164, 182, -0.774239673964352, -0.6474708603101151]
[12, 15, 175, 172, 174, 176, 173, 179, 161, 171, 177, 162, 168, 178, 180, 167, 183, -0.7201278979701453, -0.9116657492147054]
[11, 15, 176, 175, 177, 179, 174, 178, 172, 180, 190, 161, 173, 183, 189, 162, 184, -0.686888980627571, -0.8912296066740862]
[10, 15, 177, 176, 178, 190, 179, 189, 175, 183, 191, 174, 180, 184, 188, 161, 187, -0.8215855754137714, -0.3998481214104038]
[10, 14, 178, 177, 179, 183, 189, 176, 180, 184, 190, 174, 182, 188, 161, 175, 181, 185, 187, 191, 160, 186, -0.34631391797383926, -0.2181361776609867]
[11, 14, 179, 174, 176, 178, 180, 161, 175, 177, 183, 173, 181, 189, 160, 162, 172, 182, 184, 190, 163, 185, -0.6593295663367205, -0.9278997838596778]
[11, 13, 180, 161, 179, 181, 183, 160, 174, 178, 182, 138, 162, 176, 184, 137, 159, 163, 173, 175, 177, 185, 189, 134, 156, 172, 190, -0.5394540091425996, -0.8572648408207568]
[11, 12, 181, 138, 160, 180, 182, 137, 159, 161, 183, 139, 163, 179, 185, 134, 136, 156, 158, 162, 174, 178, 184, 135, 157, 173, 189, -0.28912007120755834, -0.30923168621703934]
[10, 12, 182, 137, 181, 183, 185, 134, 138, 180, 184, 136, 160, 178, 186, 133, 135, 139, 159, 161, 179, 187, 189, 132, 158, 174, 188, -0.028120964421523897, -0.09098599035332078]
[10, 13, 183, 178, 180, 182, 184, 179, 181, 185, 189, 137, 161, 177, 187, 134, 138, 160, 174, 176, 186, 188, 190, 133, 159, 175, 191, -0.05027061303973701, -0.3584926878218374]
[9, 13, 184, 183, 185, 187, 189, 178, 182, 186, 188, 134, 180, 190, 206, 133, 137, 177, 179, 181, 191, 193, 207, 138, 176, 192, 208, -0.3080167964056145, -0.24748555801475425]
[9, 12, 185, 134, 182, 184, 186, 133, 137, 183, 187, 135, 181, 189, 207, 132, 136, 138, 178, 180, 188, 206, 208, 139, 179, 193, 211, -0.6597941949216126, -0.8844590103805502]
[8, 12, 186, 133, 185, 187, 207, 134, 184, 206, 208, 132, 182, 188, 204, 135, 137, 183, 189, 193, 205, 209, 211, 136, 178, 194, 210, -0.6826495676112332, -0.753778362817338]
[8, 13, 187, 184, 186, 188, 206, 185, 189, 193, 207, 133, 183, 191, 205, 134, 178, 182, 190, 192, 194, 204, 208, 137, 177, 195, 209, -0.4653024442570203, -0.3726280172128803]
[8, 14, 188, 187, 189, 191, 193, 184, 190, 192, 206, 178, 186, 194, 177, 183, 185, 195, 205, 207, 182, 204, -0.3491296322281585, -0.6596555774352274]
[9, 14, 189, 178, 184, 188, 190, 177, 183, 187, 191, 179, 185, 193, 176, 180, 182, 186, 192, 206, 181, 207, -0.6167785113776652, -0.3852990743558795]
[9, 15, 190, 177, 189, 191, 178, 188, 176, 184, 192, 179, 183, 187, 193, 180, 206, -0.7768673452623484, -0.9936026555631282]
[8, 15, 191, 188, 190, 192, 189, 193, 177, 187, 195, 178, 184, 194, 206, 183, 205, -0.9769415088875145, -0.24401415925652792]
[7, 15, 192, 191, 193, 195, 188, 194, 190, 196, 206, 187, 189, 199, 205, 184, 200, -0.31164160506400906, -0.28759429453522656]
[7, 14, 193, 188, 192, 194, 206, 187, 191, 195, 205, 189, 199, 207, 184, 186, 190, 196, 200, 204, 185, 203, -0.07265801193663968, -0.7283664805729556]
[6, 14, 194, 193, 195, 199, 205, 192, 196, 200, 206, 188, 198, 204, 187, 191, 197, 201, 203, 207, 186, 202, -0.18820307962981364, -0.34708272896829995]
[6, 15, 195, 192, 194, 196, 193, 199, 191, 197, 205, 188, 198, 200, 206, 187, 201, -0.24096873464293234, -0.810696532374746]
[5, 15, 196, 195, 197, 199, 194, 198, 192, 200, 250, 193, 201, 205, 249, 206, 246, -0.11817674318850746, -0.572451484942543]
[4, 15, 197, 196, 198, 250, 199, 249, 195, 201, 251, 194, 200, 246, 248, 205, 247, -0.35118771812849925, -0.3496634862374044]
[4, 14, 198, 197, 199, 201, 249, 196, 200, 246, 250, 194, 202, 248, 195, 203, 205, 245, 247, 251, 204, 244, -0.011866048556780529, -0.5181721113276232]
[5, 14, 199, 194, 196, 198, 200, 195, 197, 201, 205, 193, 203, 249, 192, 202, 204, 206, 246, 250, 207, 245, -0.3978498239858823, -0.349895201883097]
[5, 13, 200, 199, 201, 203, 205, 194, 198, 202, 204, 196, 206, 222, 246, 193, 195, 197, 207, 209, 223, 245, 249, 192, 208, 224, 250, -0.3605140976654878, -0.2588403010295244]
[4, 13, 201, 198, 200, 202, 246, 199, 203, 245, 249, 197, 205, 223, 247, 194, 196, 204, 222, 224, 244, 248, 250, 195, 209, 225, 251, -0.9623185011386037, -0.7867642511225493]
[4, 12, 202, 201, 203, 223, 245, 200, 222, 224, 246, 198, 204, 220, 244, 199, 205, 209, 221, 225, 227, 247, 249, 194, 210, 226, 248, -0.5648455971558787, -0.13365921558653704]
[5, 12, 203, 200, 202, 204, 222, 201, 205, 209, 223, 199, 207, 221, 245, 194, 198, 206, 208, 210, 220, 224, 246, 193, 211, 227, 249, -0.45219007568340286, -0.7462037171152364]
[6, 12, 204, 203, 205, 207, 209, 200, 206, 208, 222, 186, 194, 202, 210, 133, 187, 193, 199, 201, 211, 221, 223, 132, 188, 198, 220, -0.8336322854125566, -0.458979570325747]
[6, 13, 205, 194, 200, 204, 206, 193, 199, 203, 207, 187, 195, 201, 209, 186, 188, 192, 196, 198, 202, 208, 222, 133, 191, 197, 223, -0.44485576792400827, -0.877959760671522]
[7, 13, 206, 187, 193, 205, 207, 186, 188, 194, 204, 184, 192, 200, 208, 133, 185, 189, 191, 195, 199, 203, 209, 134, 190, 196, 222, -0.7068207987734381, -0.045173200550160164]
[7, 12, 207, 186, 204, 206, 208, 133, 187, 205, 209, 185, 193, 203, 211, 132, 134, 184, 188, 194, 200, 210, 222, 135, 189, 199, 221, -0.5849125034599867, -0.4654767193040842]
[7, 11, 208, 133, 207, 209, 211, 132, 186, 204, 210, 134, 206, 212, 222, 131, 135, 185, 187, 203, 205, 215, 221, 130, 184, 200, 216, -0.44665758208803696, -0.5858193053088496]
[6, 11, 209, 204, 208, 210, 222, 203, 207, 211, 221, 133, 205, 215, 223, 132, 186, 200, 202, 206, 212, 216, 220, 131, 187, 201, 219, -0.6941173481988794, -0.1622943992116196]
[6, 10, 210, 209, 211, 215, 221, 208, 212, 216, 222, 132, 204, 214, 220, 131, 133, 203, 207, 213, 217, 219, 223, 128, 186, 202, 218, -0.669066754439765, -0.6417668480951826]
[7, 10, 211, 132, 208, 210, 212, 131, 133, 209, 215, 135, 207, 213, 221, 128, 130, 134, 186, 204, 214, 216, 222, 129, 185, 203, 217, -0.5348768566730302, -0.30411417926356843]
[7, 9, 212, 131, 211, 213, 215, 128, 132, 210, 214, 42, 130, 208, 216, 41, 127, 129, 133, 135, 209, 217, 221, 38, 126, 134, 222, -0.9700692156689715, -0.11856436408082316]
[7, 8, 213, 42, 128, 212, 214, 41, 127, 131, 215, 43, 129, 211, 217, 38, 40, 124, 126, 130, 132, 210, 216, 39, 125, 135, 221, -0.6108570234672888, -0.44218521518891807]
[6, 8, 214, 41, 213, 215, 217, 38, 42, 212, 216, 40, 128, 210, 218, 37, 39, 43, 127, 131, 211, 219, 221, 36, 124, 132, 220, -0.9573029649860889, -0.39427967549593157]
[6, 9, 215, 210, 212, 214, 216, 211, 213, 217, 221, 41, 131, 209, 219, 38, 42, 128, 132, 208, 218, 220, 222, 37, 127, 133, 223, -0.7188271099470257, -0.8736614243678491]
[5, 9, 216, 215, 217, 219, 221, 210, 214, 218, 220, 38, 212, 222, 228, 37, 41, 209, 211, 213, 223, 227, 229, 26, 42, 208, 224, -0.07113176635455987, -0.9912823215963925]
[5, 8, 217, 38, 214, 216, 218, 37, 41, 215, 219, 39, 213, 221, 229, 26, 36, 40, 42, 210, 212, 220, 228, 27, 43, 211, 227, -0.8369833648081674, -0.9388884072202432]
[4, 8, 218, 37, 217, 219, 229, 26, 38, 216, 228, 36, 214, 220, 230, 25, 27, 39, 41, 215, 221, 227, 231, 24, 40, 210, 226, -0.0810749372608176, -0.8049327656434431]
[4, 9, 219, 216, 218, 220, 228, 217, 221, 227, 229, 37, 215, 223, 231, 26, 38, 210, 214, 222, 224, 226, 230, 25, 41, 209, 225, -0.9190976870767527, -0.3793476683078332]
[4, 10, 220, 219, 221, 223, 227, 216, 222, 224, 228, 202, 210, 218, 226, 203, 209, 215, 217, 225, 229, 231, 245, 204, 214, 230, 244, -0.6310275172043572, -0.26577249618887666]
[5, 10, 221, 210, 216, 220, 222, 209, 215, 219, 223, 203, 211, 217, 227, 202, 204, 208, 212, 214, 218, 224, 228, 207, 213, 229, 245, -0.29166659727460387, -0.485041254897264]
[5, 11, 222, 203, 209, 221, 223, 202, 204, 210, 220, 200, 208, 216, 224, 201, 205, 207, 211, 215, 219, 227, 245, 206, 212, 228, 246, -0.28611247746883905, -0.23634665808738886]
[4, 11, 223, 202, 220, 222, 224, 203, 221, 227, 245, 201, 209, 219, 225, 200, 204, 210, 216, 226, 228, 244, 246, 205, 215, 231, 247, -0.25389813686959894, -0.378725681439543]
[3, 11, 224, 223, 225, 227, 245, 202, 220, 226, 244, 222, 228, 238, 246, 201, 203, 219, 221, 231, 237, 243, 247, 200, 216, 232, 242, -0.38635055906143645, -0.21717481653809567]
[2, 11, 225, 224, 226, 238, 244, 227, 237, 243, 245, 223, 231, 239, 247, 202, 220, 228, 232, 236, 240, 242, 246, 201, 219, 235, 241, -0.4607837864324763, -0.5715731727376177]
[2, 10, 226, 225, 227, 231, 237, 224, 228, 232, 238, 220, 230, 236, 244, 219, 223, 229, 233, 235, 239, 243, 245, 202, 218, 234, 240, -0.005070160535770918, -0.1751809273242535]
[3, 10, 227, 220, 224, 226, 228, 219, 223, 225, 231, 221, 229, 237, 245, 202, 216, 218, 222, 230, 232, 238, 244, 203, 217, 233, 243, -0.24554386884605583, -0.797395704415065]
[3, 9, 228, 219, 227, 229, 231, 218, 220, 226, 230, 26, 216, 224, 232, 25, 37, 217, 221, 223, 225, 233, 237, 22, 38, 222, 238, -0.7340489234061914, -0.8613614993321929]
[3, 8, 229, 26, 218, 228, 230, 25, 37, 219, 231, 27, 217, 227, 233, 22, 24, 36, 38, 216, 220, 226, 232, 23, 39, 221, 237, -0.07369987774102804, -0.4534660881964593]
[2, 8, 230, 25, 229, 231, 233, 22, 26, 228, 232, 24, 218, 226, 234, 21, 23, 27, 37, 219, 227, 235, 237, 20, 36, 220, 236, -0.7916073893526142, -0.28637321841992713]
[2, 9, 231, 226, 228, 230, 232, 227, 229, 233, 237, 25, 219, 225, 235, 22, 26, 218, 220, 224, 234, 236, 238, 21, 37, 223, 239, -0.75665058474526, -0.5002468428364327]
[1, 9, 232, 231, 233, 235, 237, 226, 230, 234, 236, 22, 228, 238, 21, 25, 225, 227, 229, 239, 26, 224, -0.4162488751522494, -0.7575509998850247]
[1, 8, 233, 22, 230, 232, 234, 21, 25, 231, 235, 23, 229, 237, 20, 24, 26, 226, 228, 236, 27, 227, -0.027425310234946765, -0.390961000913162]
[0, 8, 234, 21, 233, 235, 22, 232, 20, 230, 236, 23, 25, 231, 237, 24, 226, -0.4014976278181225, -0.004163548556909258]
[0, 9, 235, 232, 234, 236, 233, 237, 21, 231, 239, 22, 226, 230, 238, 25, 225, -0.17759369358809585, -0.960610074939093]
[0, 10, 236, 235, 237, 239, 232, 238, 226, 234, 240, 225, 231, 233, 243, 230, 244, -0.9259691159682203, -0.15035307767247774]
[1, 10, 237, 226, 232, 236, 238, 225, 231, 235, 239, 227, 233, 243, 224, 228, 230, 234, 240, 244, 229, 245, -0.43116002919345564, -0.566492245646462]
[1, 11, 238, 225, 237, 239, 243, 226, 236, 240, 244, 224, 232, 242, 227, 231, 235, 241, 245, 247, 228, 246, -0.7285460878091028, -0.19886877325301577]
[0, 11, 239, 236, 238, 240, 237, 243, 225, 235, 241, 226, 232, 242, 244, 231, 247, -0.5119229169527106, -0.515433777821913]
[0, 12, 240, 239, 241, 243, 238, 242, 236, 244, 254, 225, 237, 247, 253, 226, 248, -0.46970422285352387, -0.8851882935828078]
[0, 13, 241, 240, 242, 254, 243, 253, 239, 247, 255, 238, 244, 248, 252, 225, 251, -0.9384808321251557, -0.9705752280207771]
[1, 13, 242, 241, 243, 247, 253, 240, 244, 248, 254, 238, 246, 252, 225, 239, 245, 249, 251, 255, 224, 250, -0.8882296404362756, -0.46182289595505266]
[1, 12, 243, 238, 240, 242, 244, 225, 239, 241, 247, 237, 245, 253, 224, 226, 236, 246, 248, 254, 227, 249, -0.29176289107973274, -0.20071555931558782]
[2, 12, 244, 225, 243, 245, 247, 224, 238, 242, 246, 202, 226, 240, 248, 201, 223, 227, 237, 239, 241, 249, 253, 198, 220, 236, 254, -0.06826554950709807, -0.36244378363141294]
[3, 12, 245, 202, 224, 244, 246, 201, 223, 225, 247, 203, 227, 243, 249, 198, 200, 220, 222, 226, 238, 242, 248, 199, 221, 237, 253, -0.9966183318423637, -0.146975210326323]
[3, 13, 246, 201, 245, 247, 249, 198, 202, 244, 248, 200, 224, 242, 250, 197, 199, 203, 223, 225, 243, 251, 253, 196, 222, 238, 252, -0.26167480006876165, -0.4586822718042257]
[2, 13, 247, 242, 244, 246, 248, 243, 245, 249, 253, 201, 225, 241, 251, 198, 202, 224, 238, 240, 250, 252, 254, 197, 223, 239, 255, -0.4929481686297388, -0.02834125652949737]
[2, 14, 248, 247, 249, 251, 253, 242, 246, 250, 252, 198, 244, 254, 197, 201, 241, 243, 245, 255, 202, 240, -0.7031942334299266, -0.04788322747169782]
[3, 14, 249, 198, 246, 248, 250, 197, 201, 247, 251, 199, 245, 253, 196, 200, 202, 242, 244, 252, 203, 243, -0.8556097621770322, -0.6183431215943029]
[3, 15, 250, 197, 249, 251, 198, 248, 196, 246, 252, 199, 201, 247, 253, 200, 242, -0.493344020981638, -0.299499234768559]
[2, 15, 251, 248, 250, 252, 249, 253, 197, 247, 255, 198, 242, 246, 254, 201, 241, -0.4194621527418161, -0.9011426982115143]
[1, 15, 252, 251, 253, 255, 248, 254, 242, 250, 241, 247, 249, 246, -0.9155679048987286, -0.4939922882472907]
[1, 14, 253, 242, 248, 252, 254, 241, 247, 251, 255, 243, 249, 240, 244, 246, 250, 245, -0.9822984865820076, -0.846345138592724]
[0, 14, 254, 241, 253, 255, 242, 252, 240, 248, 243, 247, 251, 244, -0.8239016405965365, -0.7711365176678234]
[0, 15, 255, 252, 254, 253, 241, 251, 242, 248, 247, -0.4468155826301401, -0.5841449423929763]
0.4353668689727783