256
[0, 0, 0, 1, 16, 17, 2, 32, 18, 33, 34, -0.3389966837401165, -0.7322039698432355]
[0, 1, 1, 0, 2, 17, 16, 18, 3, 33, 19, 32, 34, 35, -0.23185204982417695, -0.08792840245782063]
[0, 2, 2, 1, 3, 18, 17, 19, 0, 4, 34, 16, 20, 33, 35, 32, 36, -0.7910866462849577, -0.5765840635251333]
[0, 3, 3, 2, 4, 19, 18, 20, 1, 5, 35, 17, 21, 34, 36, 33, 37, -0.048783940044832774, -0.5616518267892995]
[0, 4, 4, 3, 5, 20, 19, 21, 2, 6, 36, 18, 22, 35, 37, 34, 38, -0.9592602681737019, -0.10394803967297561]
[0, 5, 5, 4, 6, 21, 20, 22, 3, 7, 37, 19, 23, 36, 38, 35, 39, -0.6228159318448218, -0.9420196195712988]
[0, 6, 6, 5, 7, 22, 21, 23, 4, 8, 38, 20, 24, 37, 39, 36, 40, -0.4331630526272865, -0.5304014579977567]
[0, 7, 7, 6, 8, 23, 22, 24, 5, 9, 39, 21, 25, 38, 40, 37, 41, -0.12605280407092379, -0.044676373178562656]
[0, 8, 8, 7, 9, 24, 23, 25, 6, 10, 40, 22, 26, 39, 41, 38, 42, -0.8358659175855581, -0.2751501635822823]
[0, 9, 9, 8, 10, 25, 24, 26, 7, 11, 41, 23, 27, 40, 42, 39, 43, -0.09801744609714702, -0.00221312447802402]
[0, 10, 10, 9, 11, 26, 25, 27, 8, 12, 42, 24, 28, 41, 43, 40, 44, -0.6148748632634294, -0.8444085428503934]
[0, 11, 11, 10, 12, 27, 26, 28, 9, 13, 43, 25, 29, 42, 44, 41, 45, -0.27503670420247284, -0.5627774877775464]
[0, 12, 12, 11, 13, 28, 27, 29, 10, 14, 44, 26, 30, 43, 45, 42, 46, -0.613980533151955, -0.9463501434190372]
[0, 13, 13, 12, 14, 29, 28, 30, 11, 15, 45, 27, 31, 44, 46, 43, 47, -0.5559257082207577, -0.8033811828727482]
[0, 14, 14, 13, 15, 30, 29, 31, 12, 46, 28, 45, 47, 44, -0.7064521543721031, -0.9488788168073291]
[0, 15, 15, 14, 31, 30, 13, 47, 29, 46, 45, -0.0836151427514974, -0.38788564504514]
[1, 0, 16, 0, 17, 32, 1, 33, 18, 48, 2, 34, 49, 50, -0.36368262047053834, -0.5553181405825552]
[1, 1, 17, 1, 16, 18, 33, 0, 2, 32, 34, 19, 49, 3, 35, 48, 50, 51, -0.0638152885200447, -0.8702219952236057]
[1, 2, 18, 2, 17, 19, 34, 1, 3, 33, 35, 16, 20, 50, 0, 4, 32, 36, 49, 51, 48, 52, -0.5444945449188475, -0.5829929008318125]
[1, 3, 19, 3, 18, 20, 35, 2, 4, 34, 36, 17, 21, 51, 1, 5, 33, 37, 50, 52, 49, 53, -0.8194953453909217, -0.9756659507831714]
[1, 4, 20, 4, 19, 21, 36, 3, 5, 35, 37, 18, 22, 52, 2, 6, 34, 38, 51, 53, 50, 54, -0.788115269162582, -0.20895719244661082]
[1, 5, 21, 5, 20, 22, 37, 4, 6, 36, 38, 19, 23, 53, 3, 7, 35, 39, 52, 54, 51, 55, -0.30536764598404864, -0.2875961792065791]
[1, 6, 22, 6, 21, 23, 38, 5, 7, 37, 39, 20, 24, 54, 4, 8, 36, 40, 53, 55, 52, 56, -0.24736187368388418, -0.5617373930643377]
[1, 7, 23, 7, 22, 24, 39, 6, 8, 38, 40, 21, 25, 55, 5, 9, 37, 41, 54, 56, 53, 57, -0.2785433880600783, -0.6632110802563949]
[1, 8, 24, 8, 23, 25, 40, 7, 9, 39, 41, 22, 26, 56, 6, 10, 38, 42, 55, 57, 54, 58, -0.18965248043077942, -0.8756008237265364]
[1, 9, 25, 9, 24, 26, 41, 8, 10, 40, 42, 23, 27, 57, 7, 11, 39, 43, 56, 58, 55, 59, -0.3109658569127578, -0.4196905747736025]
[1, 10, 26, 10, 25, 27, 42, 9, 11, 41, 43, 24, 28, 58, 8, 12, 40, 44, 57, 59, 56, 60, -0.22821683745879195, -0.5562460615229102]
[1, 11, 27, 11, 26, 28, 43, 10, 12, 42, 44, 25, 29, 59, 9, 13, 41, 45, 58, 60, 57, 61, -0.1284899358270346, -0.07657532628763064]
[1, 12, 28, 12, 27, 29, 44, 11, 13, 43, 45, 26, 30, 60, 10, 14, 42, 46, 59, 61, 58, 62, -0.6835914163445816, -0.4190417594867887]
[1, 13, 29, 13, 28, 30, 45, 12, 14, 44, 46, 27, 31, 61, 11, 15, 43, 47, 60, 62, 59, 63, -0.9178070515412183, -0.9437625660538236]
[1, 14, 30, 14, 29, 31, 46, 13, 15, 45, 47, 28, 62, 12, 44, 61, 63, 60, -0.8340712904206269, -0.45563915154252177]
[1, 15, 31, 15, 30, 47, 14, 46, 29, 63, 13, 45, 62, 61, -0.12978070035634093, -0.6432508869682882]
[2, 0, 32, 16, 33, 48, 17, 49, 0, 34, 64, 1, 18, 50, 65, 2, 66, -0.7839175763054052, -0.10313888830052131]
[2, 1, 33, 17, 32, 34, 49, 16, 18, 48, 50, 1, 35, 65, 0, 2, 19, 51, 64, 66, 3, 67, -0.2100530245590554, -0.8019252665503017]
[2, 2, 34, 18, 33, 35, 50, 17, 19, 49, 51, 2, 32, 36, 66, 1, 3, 16, 20, 48, 52, 65, 67, 0, 4, 64, 68, -0.8773713877206688, -0.11436344698658452]
[2, 3, 35, 19, 34, 36, 51, 18, 20, 50, 52, 3, 33, 37, 67, 2, 4, 17, 21, 49, 53, 66, 68, 1, 5, 65, 69, -0.32361611792675593, -0.37721516390234167]
[2, 4, 36, 20, 35, 37, 52, 19, 21, 51, 53, 4, 34, 38, 68, 3, 5, 18, 22, 50, 54, 67, 69, 2, 6, 66, 70, -0.6274635401241565, -0.0829369607331687]
[2, 5, 37, 21, 36, 38, 53, 20, 22, 52, 54, 5, 35, 39, 69, 4, 6, 19, 23, 51, 55, 68, 70, 3, 7, 67, 71, -0.7919996171496168, -0.5557256235650991]
[2, 6, 38, 22, 37, 39, 54, 21, 23, 53, 55, 6, 36, 40, 70, 5, 7, 20, 24, 52, 56, 69, 71, 4, 8, 68, 72, -0.9453334080192884, -0.7959840871928386]
[2, 7, 39, 23, 38, 40, 55, 22, 24, 54, 56, 7, 37, 41, 71, 6, 8, 21, 25, 53, 57, 70, 72, 5, 9, 69, 73, -0.07564074101700669, -0.6449003184703943]
[2, 8, 40, 24, 39, 41, 56, 23, 25, 55, 57, 8, 38, 42, 72, 7, 9, 22, 26, 54, 58, 71, 73, 6, 10, 70, 74, -0.08509863638413107, -0.9506995657524338]
[2, 9, 41, 25, 40, 42, 57, 24, 26, 56, 58, 9, 39, 43, 73, 8, 10, 23, 27, 55, 59, 72, 74, 7, 11, 71, 75, -0.451141315116141, -0.25835090955000406]
[2, 10, 42, 26, 41, 43, 58, 25, 27, 57, 59, 10, 40, 44, 74, 9, 11, 24, 28, 56, 60, 73, 75, 8, 12, 72, 76, -0.06439035854272823, -0.5935039286129895]
[2, 11, 43, 27, 42, 44, 59, 26, 28, 58, 60, 11, 41, 45, 75, 10, 12, 25, 29, 57, 61, 74, 76, 9, 13, 73, 77, -0.749856058268334, -0.15414252635640235]
[2, 12, 44, 28, 43, 45, 60, 27, 29, 59, 61, 12, 42, 46, 76, 11, 13, 26, 30, 58, 62, 75, 77, 10, 14, 74, 78, -0.43984992578504445, -0.702192450701807]
[2, 13, 45, 29, 44, 46, 61, 28, 30, 60, 62, 13, 43, 47, 77, 12, 14, 27, 31, 59, 63, 76, 78, 11, 15, 75, 79, -0.30437832153314903, -0.43630100061297017]
[2, 14, 46, 30, 45, 47, 62, 29, 31, 61, 63, 14, 44, 78, 13, 15, 28, 60, 77, 79, 12, 76, -0.5431188422925342, -0.02448594900531542]
[2, 15, 47, 31, 46, 63, 30, 62, 15, 45, 79, 14, 29, 61, 78, 13, 77, -0.22434925218652135, -0.29492889837034875]
[3, 0, 48, 32, 49, 64, 33, 65, 16, 50, 80, 17, 34, 66, 81, 18, 82, -0.6535221651781339, -0.8472143374485201]
[3, 1, 49, 33, 48, 50, 65, 32, 34, 64, 66, 17, 51, 81, 16, 18, 35, 67, 80, 82, 19, 83, -0.019077680328809965, -0.38263278834955494]
[3, 2, 50, 34, 49, 51, 66, 33, 35, 65, 67, 18, 48, 52, 82, 17, 19, 32, 36, 64, 68, 81, 83, 16, 20, 80, 84, -0.6605138988383179, -0.003649090990296089]
[3, 3, 51, 35, 50, 52, 67, 34, 36, 66, 68, 19, 49, 53, 83, 18, 20, 33, 37, 65, 69, 82, 84, 17, 21, 81, 85, -0.8754128884449877, -0.8957675892019054]
[3, 4, 52, 36, 51, 53, 68, 35, 37, 67, 69, 20, 50, 54, 84, 19, 21, 34, 38, 66, 70, 83, 85, 18, 22, 82, 86, -0.9555969855504499, -0.11430107712511794]
[3, 5, 53, 37, 52, 54, 69, 36, 38, 68, 70, 21, 51, 55, 85, 20, 22, 35, 39, 67, 71, 84, 86, 19, 23, 83, 87, -0.7431267864301045, -0.6302700442170502]
[3, 6, 54, 38, 53, 55, 70, 37, 39, 69, 71, 22, 52, 56, 86, 21, 23, 36, 40, 68, 72, 85, 87, 20, 24, 84, 88, -0.02067203775448412, -0.6896087188539383]
[3, 7, 55, 39, 54, 56, 71, 38, 40, 70, 72, 23, 53, 57, 87, 22, 24, 37, 41, 69, 73, 86, 88, 21, 25, 85, 89, -0.6786204464593145, -0.1036875572776993]
[3, 8, 56, 40, 55, 57, 72, 39, 41, 71, 73, 24, 54, 58, 88, 23, 25, 38, 42, 70, 74, 87, 89, 22, 26, 86, 90, -0.864945332170941, -0.49123860582680856]
[3, 9, 57, 41, 56, 58, 73, 40, 42, 72, 74, 25, 55, 59, 89, 24, 26, 39, 43, 71, 75, 88, 90, 23, 27, 87, 91, -0.8984982716951688, -0.2672158037733644]
[3, 10, 58, 42, 57, 59, 74, 41, 43, 73, 75, 26, 56, 60, 90, 25, 27, 40, 44, 72, 76, 89, 91, 24, 28, 88, 92, -0.8084632956766845, -0.4350665014110324]
[3, 11, 59, 43, 58, 60, 75, 42, 44, 74, 76, 27, 57, 61, 91, 26, 28, 41, 45, 73, 77, 90, 92, 25, 29, 89, 93, -0.36070338325093765, -0.9004389483169943]
[3, 12, 60, 44, 59, 61, 76, 43, 45, 75, 77, 28, 58, 62, 92, 27, 29, 42, 46, 74, 78, 91, 93, 26, 30, 90, 94, -0.1040486705007333, -0.4549904051641537]
[3, 13, 61, 45, 60, 62, 77, 44, 46, 76, 78, 29, 59, 63, 93, 28, 30, 43, 47, 75, 79, 92, 94, 27, 31, 91, 95, -0.7642524974257503, -0.994109194374659]
[3, 14, 62, 46, 61, 63, 78, 45, 47, 77, 79, 30, 60, 94, 29, 31, 44, 76, 93, 95, 28, 92, -0.2305010725238208, -0.25960002686701766]
[3, 15, 63, 47, 62, 79, 46, 78, 31, 61, 95, 30, 45, 77, 94, 29, 93, -0.019439017983395313, -0.8397341922314968]
[4, 0, 64, 48, 65, 80, 49, 81, 32, 66, 96, 33, 50, 82, 97, 34, 98, -0.6950160648482907, -0.9800039099071354]
[4, 1, 65, 49, 64, 66, 81, 48, 50, 80, 82, 33, 67, 97, 32, 34, 51, 83, 96, 98, 35, 99, -0.7713803040603928, -0.5816066296840631]
[4, 2, 66, 50, 65, 67, 82, 49, 51, 81, 83, 34, 64, 68, 98, 33, 35, 48, 52, 80, 84, 97, 99, 32, 36, 96, 100, -0.3489733086924358, -0.4737992689062561]
[4, 3, 67, 51, 66, 68, 83, 50, 52, 82, 84, 35, 65, 69, 99, 34, 36, 49, 53, 81, 85, 98, 100, 33, 37, 97, 101, -0.2852005690800934, -0.17031855093082582]
[4, 4, 68, 52, 67, 69, 84, 51, 53, 83, 85, 36, 66, 70, 100, 35, 37, 50, 54, 82, 86, 99, 101, 34, 38, 98, 102, -0.04248185328563092, -0.8398217381113752]
[4, 5, 69, 53, 68, 70, 85, 52, 54, 84, 86, 37, 67, 71, 101, 36, 38, 51, 55, 83, 87, 100, 102, 35, 39, 99, 103, -0.8368574559271099, -0.103019190940974]
[4, 6, 70, 54, 69, 71, 86, 53, 55, 85, 87, 38, 68, 72, 102, 37, 39, 52, 56, 84, 88, 101, 103, 36, 40, 100, 104, -0.08196845118530804, -0.12102488696988167]
[4, 7, 71, 55, 70, 72, 87, 54, 56, 86, 88, 39, 69, 73, 103, 38, 40, 53, 57, 85, 89, 102, 104, 37, 41, 101, 105, -0.23724609374907357, -0.774961873066914]
[4, 8, 72, 56, 71, 73, 88, 55, 57, 87, 89, 40, 70, 74, 104, 39, 41, 54, 58, 86, 90, 103, 105, 38, 42, 102, 106, -0.9311599315003484, -0.6008591508069082]
[4, 9, 73, 57, 72, 74, 89, 56, 58, 88, 90, 41, 71, 75, 105, 40, 42, 55, 59, 87, 91, 104, 106, 39, 43, 103, 107, -0.7774159632412152, -0.2287271771457121]
[4, 10, 74, 58, 73, 75, 90, 57, 59, 89, 91, 42, 72, 76, 106, 41, 43, 56, 60, 88, 92, 105, 107, 40, 44, 104, 108, -0.2638852781596135, -0.7544208408102936]
[4, 11, 75, 59, 74, 76, 91, 58, 60, 90, 92, 43, 73, 77, 107, 42, 44, 57, 61, 89, 93, 106, 108, 41, 45, 105, 109, -0.7435759659113765, -0.40755807442049574]
[4, 12, 76, 60, 75, 77, 92, 59, 61, 91, 93, 44, 74, 78, 108, 43, 45, 58, 62, 90, 94, 107, 109, 42, 46, 106, 110, -0.13819839137692946, -0.5812575690144953]
[4, 13, 77, 61, 76, 78, 93, 60, 62, 92, 94, 45, 75, 79, 109, 44, 46, 59, 63, 91, 95, 108, 110, 43, 47, 107, 111, -0.5346936182025982, -0.8069279529803867]
[4, 14, 78, 62, 77, 79, 94, 61, 63, 93, 95, 46, 76, 110, 45, 47, 60, 92, 109, 111, 44, 108, -0.31607489716687165, -0.8204794446333279]
[4, 15, 79, 63, 78, 95, 62, 94, 47, 77, 111, 46, 61, 93, 110, 45, 109, -0.9212791696553998, -0.8824064409804983]
[5, 0, 80, 64, 81, 96, 65, 97, 48, 82, 112, 49, 66, 98, 113, 50, 114, -0.518759057280646, -0.8695970669627886]
[5, 1, 81, 65, 80, 82, 97, 64, 66, 96, 98, 49, 83, 113, 48, 50, 67, 99, 112, 114, 51, 115, -0.12049253123452486, -0.2050209879206888]
[5, 2, 82, 66, 81, 83, 98, 65, 67, 97, 99, 50, 80, 84, 114, 49, 51, 64, 68, 96, 100, 113, 115, 48, 52, 112, 116, -0.9947351895951198, -0.2734114964594412]
[5, 3, 83, 67, 82, 84, 99, 66, 68, 98, 100, 51, 81, 85, 115, 50, 52, 65, 69, 97, 101, 114, 116, 49, 53, 113, 117, -0.7724533710678593, -0.8636806626443885]
[5, 4, 84, 68, 83, 85, 100, 67, 69, 99, 101, 52, 82, 86, 116, 51, 53, 66, 70, 98, 102, 115, 117, 50, 54, 114, 118, -0.059970862903721, -0.5772640988077832]
[5, 5, 85, 69, 84, 86, 101, 68, 70, 100, 102, 53, 83, 87, 117, 52, 54, 67, 71, 99, 103, 116, 118, 51, 55, 115, 119, -0.03853270945998288, -0.5992746263539479]
[5, 6, 86, 70, 85, 87, 102, 69, 71, 101, 103, 54, 84, 88, 118, 53, 55, 68, 72, 100, 104, 117, 119, 52, 56, 116, 120, -0.5444074493797487, -0.06906493860745799]
[5, 7, 87, 71, 86, 88, 103, 70, 72, 102, 104, 55, 85, 89, 119, 54, 56, 69, 73, 101, 105, 118, 120, 53, 57, 117, 121, -0.3218305827141903, -0.03579626293949034]
[5, 8, 88, 72, 87, 89, 104, 71, 73, 103, 105, 56, 86, 90, 120, 55, 57, 70, 74, 102, 106, 119, 121, 54, 58, 118, 122, -0.3963235475328454, -0.6108574402244027]
[5, 9, 89, 73, 88, 90, 105, 72, 74, 104, 106, 57, 87, 91, 121, 56, 58, 71, 75, 103, 107, 120, 122, 55, 59, 119, 123, -0.021894415778408227, -0.7058253497076088]
[5, 10, 90, 74, 89, 91, 106, 73, 75, 105, 107, 58, 88, 92, 122, 57, 59, 72, 76, 104, 108, 121, 123, 56, 60, 120, 124, -0.821127383615453, -0.8326534973469918]
[5, 11, 91, 75, 90, 92, 107, 74, 76, 106, 108, 59, 89, 93, 123, 58, 60, 73, 77, 105, 109, 122, 124, 57, 61, 121, 125, -0.11817897832294166, -0.2801186671024506]
[5, 12, 92, 76, 91, 93, 108, 75, 77, 107, 109, 60, 90, 94, 124, 59, 61, 74, 78, 106, 110, 123, 125, 58, 62, 122, 126, -0.6649174081974103, -0.3530000579481667]
[5, 13, 93, 77, 92, 94, 109, 76, 78, 108, 110, 61, 91, 95, 125, 60, 62, 75, 79, 107, 111, 124, 126, 59, 63, 123, 127, -0.14038381427285684, -0.6789502339691794]
[5, 14, 94, 78, 93, 95, 110, 77, 79, 109, 111, 62, 92, 126, 61, 63, 76, 108, 125, 127, 60, 124, -0.2003058133311847, -0.3818104927494248]
[5, 15, 95, 79, 94, 111, 78, 110, 63, 93, 127, 62, 77, 109, 126, 61, 125, -0.8844326892478914, -0.8304724221932455]
[6, 0, 96, 80, 97, 112, 81, 113, 64, 98, 128, 65, 82, 114, 129, 66, 130, -0.3591246979424809, -0.07401771522327028]
[6, 1, 97, 81, 96, 98, 113, 80, 82, 112, 114, 65, 99, 129, 64, 66, 83, 115, 128, 130, 67, 131, -0.003234357722323722, -0.10330887116145937]
[6, 2, 98, 82, 97, 99, 114, 81, 83, 113, 115, 66, 96, 100, 130, 65, 67, 80, 84, 112, 116, 129, 131, 64, 68, 128, 132, -0.8221560431814087, -0.9810603917905528]
[6, 3, 99, 83, 98, 100, 115, 82, 84, 114, 116, 67, 97, 101, 131, 66, 68, 81, 85, 113, 117, 130, 132, 65, 69, 129, 133, -0.9779459453609248, -0.37828105787155386]
[6, 4, 100, 84, 99, 101, 116, 83, 85, 115, 117, 68, 98, 102, 132, 67, 69, 82, 86, 114, 118, 131, 133, 66, 70, 130, 134, -0.11309953862265931, -0.32470938631352353]
[6, 5, 101, 85, 100, 102, 117, 84, 86, 116, 118, 69, 99, 103, 133, 68, 70, 83, 87, 115, 119, 132, 134, 67, 71, 131, 135, -0.17846606785200314, -0.4704841895429712]
[6, 6, 102, 86, 101, 103, 118, 85, 87, 117, 119, 70, 100, 104, 134, 69, 71, 84, 88, 116, 120, 133, 135, 68, 72, 132, 136, -0.7448442024984614, -0.8148982674339234]
[6, 7, 103, 87, 102, 104, 119, 86, 88, 118, 120, 71, 101, 105, 135, 70, 72, 85, 89, 117, 121, 134, 136, 69, 73, 133, 137, -0.37901964978822966, -0.6196870925094816]
[6, 8, 104, 88, 103, 105, 120, 87, 89, 119, 121, 72, 102, 106, 136, 71, 73, 86, 90, 118, 122, 135, 137, 70, 74, 134, 138, -0.5634642452292746, -0.8666713367461536]
[6, 9, 105, 89, 104, 106, 121, 88, 90, 120, 122, 73, 103, 107, 137, 72, 74, 87, 91, 119, 123, 136, 138, 71, 75, 135, 139, -0.3601558400343552, -0.11049879649633321]
[6, 10, 106, 90, 105, 107, 122, 89, 91, 121, 123, 74, 104, 108, 138, 73, 75, 88, 92, 120, 124, 137, 139, 72, 76, 136, 140, -0.4725786084504794, -0.6330425453880564]
[6, 11, 107, 91, 106, 108, 123, 90, 92, 122, 124, 75, 105, 109, 139, 74, 76, 89, 93, 121, 125, 138, 140, 73, 77, 137, 141, -0.7709387263426497, -0.993331923305673]
[6, 12, 108, 92, 107, 109, 124, 91, 93, 123, 125, 76, 106, 110, 140, 75, 77, 90, 94, 122, 126, 139, 141, 74, 78, 138, 142, -0.9319271290722675, -0.2418943444012781]
[6, 13, 109, 93, 108, 110, 125, 92, 94, 124, 126, 77, 107, 111, 141, 76, 78, 91, 95, 123, 127, 140, 142, 75, 79, 139, 143, -0.6120035252305865, -0.5828066249229122]
[6, 14, 110, 94, 109, 111, 126, 93, 95, 125, 127, 78, 108, 142, 77, 79, 92, 124, 141, 143, 76, 140, -0.8856145721380643, -0.7592207454724578]
[6, 15, 111, 95, 110, 127, 94, 126, 79, 109, 143, 78, 93, 125, 142, 77, 141, -0.1385887817932998, -0.5451974321110692]
[7, 0, 112, 96, 113, 128, 97, 129, 80, 114, 144, 81, 98, 130, 145, 82, 146, -0.8601782138781494, -0.8150540191726642]
[7, 1, 113, 97, 112, 114, 129, 96, 98, 128, 130, 81, 115, 145, 80, 82, 99, 131, 144, 146, 83, 147, -0.6883579330136523, -0.2887542657940041]
[7, 2, 114, 98, 113, 115, 130, 97, 99, 129, 131, 82, 112, 116, 146, 81, 83, 96, 100, 128, 132, 145, 147, 80, 84, 144, 148, -0.1710781102179325, -0.7907410891643035]
[7, 3, 115, 99, 114, 116, 131, 98, 100, 130, 132, 83, 113, 117, 147, 82, 84, 97, 101, 129, 133, 146, 148, 81, 85, 145, 149, -0.5772639065183757, -0.8741893090202725]
[7, 4, 116, 100, 115, 117, 132, 99, 101, 131, 133, 84, 114, 118, 148, 83, 85, 98, 102, 130, 134, 147, 149, 82, 86, 146, 150, -0.7174721879878175, -0.6299204998864004]
[7, 5, 117, 101, 116, 118, 133, 100, 102, 132, 134, 85, 115, 119, 149, 84, 86, 99, 103, 131, 135, 148, 150, 83, 87, 147, 151, -0.1349750100200484, -0.6953598891911162]
[7, 6, 118, 102, 117, 119, 134, 101, 103, 133, 135, 86, 116, 120, 150, 85, 87, 100, 104, 132, 136, 149, 151, 84, 88, 148, 152, -0.9716042177136408, -0.8805591115453306]
[7, 7, 119, 103, 118, 120, 135, 102, 104, 134, 136, 87, 117, 121, 151, 86, 88, 101, 105, 133, 137, 150, 152, 85, 89, 149, 153, -0.2581092445251634, -0.04716350756164556]
[7, 8, 120, 104, 119, 121, 136, 103, 105, 135, 137, 88, 118, 122, 152, 87, 89, 102, 106, 134, 138, 151, 153, 86, 90, 150, 154, -0.7363889801208731, -0.7499831115382274]
[7, 9, 121, 105, 120, 122, 137, 104, 106, 136, 138, 89, 119, 123, 153, 88, 90, 103, 107, 135, 139, 152, 154, 87, 91, 151, 155, -0.5237831580003586, -0.09538246445812892]
[7, 10, 122, 106, 121, 123, 138, 105, 107, 137, 139, 90, 120, 124, 154, 89, 91, 104, 108, 136, 140, 153, 155, 88, 92, 152, 156, -0.2683240619970355, -0.7045636763926072]
[7, 11, 123, 107, 122, 124, 139, 106, 108, 138, 140, 91, 121, 125, 155, 90, 92, 105, 109, 137, 141, 154, 156, 89, 93, 153, 157, -0.27082968763031634, -0.5859698320759839]
[7, 12, 124, 108, 123, 125, 140, 107, 109, 139, 141, 92, 122, 126, 156, 91, 93, 106, 110, 138, 142, 155, 157, 90, 94, 154, 158, -0.12618409308467204, -0.4225404025921722]
[7, 13, 125, 109, 124, 126, 141, 108, 110, 140, 142, 93, 123, 127, 157, 92, 94, 107, 111, 139, 143, 156, 158, 91, 95, 155, 159, -0.5967924910400088, -0.6723351681204492]
[7, 14, 126, 110, 125, 127, 142, 109, 111, 141, 143, 94, 124, 158, 93, 95, 108, 140, 157, 159, 92, 156, -0.7244957374296453, -0.9850443413318637]
[7, 15, 127, 111, 126, 143, 110, 142, 95, 125, 159, 94, 109, 141, 158, 93, 157, -0.6381357061874006, -0.4178170165749959]
[8, 0, 128, 112, 129, 144, 113, 145, 96, 130, 160, 97, 114, 146, 161, 98, 162, -0.8626455338412591, -0.5860310990007259]
[8, 1, 129, 113, 128, 130, 145, 112, 114, 144, 146, 97, 131, 161, 96, 98, 115, 147, 160, 162, 99, 163, -0.37821873224478575, -0.8836563503750647]
[8, 2, 130, 114, 129, 131, 146, 113, 115, 145, 147, 98, 128, 132, 162, 97, 99, 112, 116, 144, 148, 161, 163, 96, 100, 160, 164, -0.5831729985747868, -0.6582687668769787]
[8, 3, 131, 115, 130, 132, 147, 114, 116, 146, 148, 99, 129, 133, 163, 98, 100, 113, 117, 145, 149, 162, 164, 97, 101, 161, 165, -0.9868443663204561, -0.8951358262165638]
[8, 4, 132, 116, 131, 133, 148, 115, 117, 147, 149, 100, 130, 134, 164, 99, 101, 114, 118, 146, 150, 163, 165, 98, 102, 162, 166, -0.8830998705821217, -0.5909773099847875]
[8, 5, 133, 117, 132, 134, 149, 116, 118, 148, 150, 101, 131, 135, 165, 100, 102, 115, 119, 147, 151, 164, 166, 99, 103, 163, 167, -0.9245420833891786, -0.37534966773036393]
[8, 6, 134, 118, 133, 135, 150, 117, 119, 149, 151, 102, 132, 136, 166, 101, 103, 116, 120, 148, 152, 165, 167, 100, 104, 164, 168, -0.43748719891158183, -0.8295266774483514]
[8, 7, 135, 119, 134, 136, 151, 118, 120, 150, 152, 103, 133, 137, 167, 102, 104, 117, 121, 149, 153, 166, 168, 101, 105, 165, 169, -0.11716581150455174, -0.29890594069215426]
[8, 8, 136, 120, 135, 137, 152, 119, 121, 151, 153, 104, 134, 138, 168, 103, 105, 118, 122, 150, 154, 167, 169, 102, 106, 166, 170, -0.5683482375897787, -0.334091615134702]
[8, 9, 137, 121, 136, 138, 153, 120, 122, 152, 154, 105, 135, 139, 169, 104, 106, 119, 123, 151, 155, 168, 170, 103, 107, 167, 171, -0.4927808609926051, -0.8928863119783668]
[8, 10, 138, 122, 137, 139, 154, 121, 123, 153, 155, 106, 136, 140, 170, 105, 107, 120, 124, 152, 156, 169, 171, 104, 108, 168, 172, -0.9846944784545981, -0.9520923971663916]
[8, 11, 139, 123, 138, 140, 155, 122, 124, 154, 156, 107, 137, 141, 171, 106, 108, 121, 125, 153, 157, 170, 172, 105, 109, 169, 173, -0.946976218886823, -0.9106824914470629]
[8, 12, 140, 124, 139, 141, 156, 123, 125, 155, 157, 108, 138, 142, 172, 107, 109, 122, 126, 154, 158, 171, 173, 106, 110, 170, 174, -0.2066749900065903, -0.5244470390673767]
[8, 13, 141, 125, 140, 142, 157, 124, 126, 156, 158, 109, 139, 143, 173, 108, 110, 123, 127, 155, 159, 172, 174, 107, 111, 171, 175, -0.47685782316261416, -0.13120681510896126]
[8, 14, 142, 126, 141, 143, 158, 125, 127, 157, 159, 110, 140, 174, 109, 111, 124, 156, 173, 175, 108, 172, -0.517251076725373, -0.8045969947716408]
[8, 15, 143, 127, 142, 159, 126, 158, 111, 141, 175, 110, 125, 157, 174, 109, 173, -0.9220420008189131, -0.4535707002684669]
[9, 0, 144, 128, 145, 160, 129, 161, 112, 146, 176, 113, 130, 162, 177, 114, 178, -0.9770915272147769, -0.5412335446906715]
[9, 1, 145, 129, 144, 146, 161, 128, 130, 160, 162, 113, 147, 177, 112, 114, 131, 163, 176, 178, 115, 179, -0.74103615990981, -0.11724949627984571]
[9, 2, 146, 130, 145, 147, 162, 129, 131, 161, 163, 114, 144, 148, 178, 113, 115, 128, 132, 160, 164, 177, 179, 112, 116, 176, 180, -0.3265531855642133, -0.2625112712296014]
[9, 3, 147, 131, 146, 148, 163, 130, 132, 162, 164, 115, 145, 149, 179, 114, 116, 129, 133, 161, 165, 178, 180, 113, 117, 177, 181, -0.2376993981558282, -0.4002320078857673]
[9, 4, 148, 132, 147, 149, 164, 131, 133, 163, 165, 116, 146, 150, 180, 115, 117, 130, 134, 162, 166, 179, 181, 114, 118, 178, 182, -0.8121299322493587, -0.7841476760051561]
[9, 5, 149, 133, 148, 150, 165, 132, 134, 164, 166, 117, 147, 151, 181, 116, 118, 131, 135, 163, 167, 180, 182, 115, 119, 179, 183, -0.2305504196892697, -0.2089697742609532]
[9, 6, 150, 134, 149, 151, 166, 133, 135, 165, 167, 118, 148, 152, 182, 117, 119, 132, 136, 164, 168, 181, 183, 116, 120, 180, 184, -0.9507998649772148, -0.29132811569522155]
[9, 7, 151, 135, 150, 152, 167, 134, 136, 166, 168, 119, 149, 153, 183, 118, 120, 133, 137, 165, 169, 182, 184, 117, 121, 181, 185, -0.15133653854099083, -0.04765287912998262]
[9, 8, 152, 136, 151, 153, 168, 135, 137, 167, 169, 120, 150, 154, 184, 119, 121, 134, 138, 166, 170, 183, 185, 118, 122, 182, 186, -0.8094547133100753, -0.22797718773578302]
[9, 9, 153, 137, 152, 154, 169, 136, 138, 168, 170, 121, 151, 155, 185, 120, 122, 135, 139, 167, 171, 184, 186, 119, 123, 183, 187, -0.4774648933102924, -0.5596093408756049]
[9, 10, 154, 138, 153, 155, 170, 137, 139, 169, 171, 122, 152, 156, 186, 121, 123, 136, 140, 168, 172, 185, 187, 120, 124, 184, 188, -0.3023545003653717, -0.46850599689379635]
[9, 11, 155, 139, 154, 156, 171, 138, 140, 170, 172, 123, 153, 157, 187, 122, 124, 137, 141, 169, 173, 186, 188, 121, 125, 185, 189, -0.11762917205586709, -0.513236451913056]
[9, 12, 156, 140, 155, 157, 172, 139, 141, 171, 173, 124, 154, 158, 188, 123, 125, 138, 142, 170, 174, 187, 189, 122, 126, 186, 190, -0.28248123862398666, -0.06435825135826134]
[9, 13, 157, 141, 156, 158, 173, 140, 142, 172, 174, 125, 155, 159, 189, 124, 126, 139, 143, 171, 175, 188, 190, 123, 127, 187, 191, -0.49106693422445324, -0.9272759121820332]
[9, 14, 158, 142, 157, 159, 174, 141, 143, 173, 175, 126, 156, 190, 125, 127, 140, 172, 189, 191, 124, 188, -0.32908281711040943, -0.7614163430466951]
[9, 15, 159, 143, 158, 175, 142, 174, 127, 157, 191, 126, 141, 173, 190, 125, 189, -0.9891522018883092, -0.15540803175055784]
[10, 0, 160, 144, 161, 176, 145, 177, 128, 162, 192, 129, 146, 178, 193, 130, 194, -0.9157753940881905, -0.1666402371358111]
[10, 1, 161, 145, 160, 162, 177, 144, 146, 176, 178, 129, 163, 193, 128, 130, 147, 179, 192, 194, 131, 195, -0.7641601600248532, -0.9722242068486816]
[10, 2, 162, 146, 161, 163, 178, 145, 147, 177, 179, 130, 160, 164, 194, 129, 131, 144, 148, 176, 180, 193, 195, 128, 132, 192, 196, -0.9425975355379066, -0.38920286314509067]
[10, 3, 163, 147, 162, 164, 179, 146, 148, 178, 180, 131, 161, 165, 195, 130, 132, 145, 149, 177, 181, 194, 196, 129, 133, 193, 197, -0.8226707731996128, -0.8725735371479599]
[10, 4, 164, 148, 163, 165, 180, 147, 149, 179, 181, 132, 162, 166, 196, 131, 133, 146, 150, 178, 182, 195, 197, 130, 134, 194, 198, -0.940335469471871, -0.3684325135624845]
[10, 5, 165, 149, 164, 166, 181, 148, 150, 180, 182, 133, 163, 167, 197, 132, 134, 147, 151, 179, 183, 196, 198, 131, 135, 195, 199, -0.23514486306345994, -0.5617760007476412]
[10, 6, 166, 150, 165, 167, 182, 149, 151, 181, 183, 134, 164, 168, 198, 133, 135, 148, 152, 180, 184, 197, 199, 132, 136, 196, 200, -0.2768934605283372, -0.13125405057742756]
[10, 7, 167, 151, 166, 168, 183, 150, 152, 182, 184, 135, 165, 169, 199, 134, 136, 149, 153, 181, 185, 198, 200, 133, 137, 197, 201, -0.2880767051247819, -0.7862694738305719]
[10, 8, 168, 152, 167, 169, 184, 151, 153, 183, 185, 136, 166, 170, 200, 135, 137, 150, 154, 182, 186, 199, 201, 134, 138, 198, 202, -0.044763290344595474, -0.5570977978794515]
[10, 9, 169, 153, 168, 170, 185, 152, 154, 184, 186, 137, 167, 171, 201, 136, 138, 151, 155, 183, 187, 200, 202, 135, 139, 199, 203, -0.8076993355515782, -0.03263855997708842]
[10, 10, 170, 154, 169, 171, 186, 153, 155, 185, 187, 138, 168, 172, 202, 137, 139, 152, 156, 184, 188, 201, 203, 136, 140, 200, 204, -0.02652377138721873, -0.2979500991070614]
[10, 11, 171, 155, 170, 172, 187, 154, 156, 186, 188, 139, 169, 173, 203, 138, 140, 153, 157, 185, 189, 202, 204, 137, 141, 201, 205, -0.394603774057531, -0.6388131064344912]
[10, 12, 172, 156, 171, 173, 188, 155, 157, 187, 189, 140, 170, 174, 204, 139, 141, 154, 158, 186, 190, 203, 205, 138, 142, 202, 206, -0.727155990895677, -0.809627134519542]
[10, 13, 173, 157, 172, 174, 189, 156, 158, 188, 190, 141, 171, 175, 205, 140, 142, 155, 159, 187, 191, 204, 206, 139, 143, 203, 207, -0.17475570158313736, -0.2367695451402293]
[10, 14, 174, 158, 173, 175, 190, 157, 159, 189, 191, 142, 172, 206, 141, 143, 156, 188, 205, 207, 140, 204, -0.5855316452500952, -0.8855675503025492]
[10, 15, 175, 159, 174, 191, 158, 190, 143, 173, 207, 142, 157, 189, 206, 141, 205, -0.5269564460063548, -0.17518797265139863]
[11, 0, 176, 160, 177, 192, 161, 193, 144, 178, 208, 145, 162, 194, 209, 146, 210, -0.3521465555840959, -0.5829575641894333]
[11, 1, 177, 161, 176, 178, 193, 160, 162, 192, 194, 145, 179, 209, 144, 146, 163, 195, 208, 210, 147, 211, -0.8441183189499218, -0.8271112516500747]
[11, 2, 178, 162, 177, 179, 194, 161, 163, 193, 195, 146, 176, 180, 210, 145, 147, 160, 164, 192, 196, 209, 211, 144, 148, 208, 212, -0.7670263428400224, -0.9334634719326645]
[11, 3, 179, 163, 178, 180, 195, 162, 164, 194, 196, 147, 177, 181, 211, 146, 148, 161, 165, 193, 197, 210, 212, 145, 149, 209, 213, -0.15995847207101732, -0.9115571588155922]
[11, 4, 180, 164, 179, 181, 196, 163, 165, 195, 197, 148, 178, 182, 212, 147, 149, 162, 166, 194, 198, 211, 213, 146, 150, 210, 214, -0.7660704612595137, -0.21661931052073713]
[11, 5, 181, 165, 180, 182, 197, 164, 166, 196, 198, 149, 179, 183, 213, 148, 150, 163, 167, 195, 199, 212, 214, 147, 151, 211, 215, -0.5929867843156631, -0.4713670426385518]
[11, 6, 182, 166, 181, 183, 198, 165, 167, 197, 199, 150, 180, 184, 214, 149, 151, 164, 168, 196, 200, 213, 215, 148, 152, 212, 216, -0.5368639452229597, -0.8400730833352054]
[11, 7, 183, 167, 182, 184, 199, 166, 168, 198, 200, 151, 181, 185, 215, 150, 152, 165, 169, 197, 201, 214, 216, 149, 153, 213, 217, -0.1004591812652651, -0.451448761437684]
[11, 8, 184, 168, 183, 185, 200, 167, 169, 199, 201, 152, 182, 186, 216, 151, 153, 166, 170, 198, 202, 215, 217, 150, 154, 214, 218, -0.6444135776154318, -0.34113794472253456]
[11, 9, 185, 169, 184, 186, 201, 168, 170, 200, 202, 153, 183, 187, 217, 152, 154, 167, 171, 199, 203, 216, 218, 151, 155, 215, 219, -0.5287092960533304, -0.8084590109702187]
[11, 10, 186, 170, 185, 187, 202, 169, 171, 201, 203, 154, 184, 188, 218, 153, 155, 168, 172, 200, 204, 217, 219, 152, 156, 216, 220, -0.7094021672749468, -0.32766655465587047]
[11, 11, 187, 171, 186, 188, 203, 170, 172, 202, 204, 155, 185, 189, 219, 154, 156, 169, 173, 201, 205, 218, 220, 153, 157, 217, 221, -0.3052198045049265, -0.7051573420592977]
[11, 12, 188, 172, 187, 189, 204, 171, 173, 203, 205, 156, 186, 190, 220, 155, 157, 170, 174, 202, 206, 219, 221, 154, 158, 218, 222, -0.049892691200570716, -0.014080758091108647]
[11, 13, 189, 173, 188, 190, 205, 172, 174, 204, 206, 157, 187, 191, 221, 156, 158, 171, 175, 203, 207, 220, 222, 155, 159, 219, 223, -0.2627717613321191, -0.41184226143932856]
[11, 14, 190, 174, 189, 191, 206, 173, 175, 205, 207, 158, 188, 222, 157, 159, 172, 204, 221, 223, 156, 220, -0.32804109510563784, -0.7047726545027954]
[11, 15, 191, 175, 190, 207, 174, 206, 159, 189, 223, 158, 173, 205, 222, 157, 221, -0.3512749679450299, -0.2664337136849815]
[12, 0, 192, 176, 193, 208, 177, 209, 160, 194, 224, 161, 178, 210, 225, 162, 226, -0.4703087279150744, -0.1758062704834964]
[12, 1, 193, 177, 192, 194, 209, 176, 178, 208, 210, 161, 195, 225, 160, 162, 179, 211, 224, 226, 163, 227, -0.796674898940118, -0.06988136051105709]
[12, 2, 194, 178, 193, 195, 210, 177, 179, 209, 211, 162, 192, 196, 226, 161, 163, 176, 180, 208, 212, 225, 227, 160, 164, 224, 228, -0.6657441582967535, -0.562946638610135]
[12, 3, 195, 179, 194, 196, 211, 178, 180, 210, 212, 163, 193, 197, 227, 162, 164, 177, 181, 209, 213, 226, 228, 161, 165, 225, 229, -0.3862734861355992, -0.9689407890710792]
[12, 4, 196, 180, 195, 197, 212, 179, 181, 211, 213, 164, 194, 198, 228, 163, 165, 178, 182, 210, 214, 227, 229, 162, 166, 226, 230, -0.9494468165517442, -0.026046370799814422]
[12, 5, 197, 181, 196, 198, 213, 180, 182, 212, 214, 165, 195, 199, 229, 164, 166, 179, 183, 211, 215, 228, 230, 163, 167, 227, 231, -0.4196414334494375, -0.4052223235891397]
[12, 6, 198, 182, 197, 199, 214, 181, 183, 213, 215, 166, 196, 200, 230, 165, 167, 180, 184, 212, 216, 229, 231, 164, 168, 228, 232, -0.14184766396228232, -0.62806660028172]
[12, 7, 199, 183, 198, 200, 215, 182, 184, 214, 216, 167, 197, 201, 231, 166, 168, 181, 185, 213, 217, 230, 232, 165, 169, 229, 233, -0.4943945156514601, -0.9968340158629193]
[12, 8, 200, 184, 199, 201, 216, 183, 185, 215, 217, 168, 198, 202, 232, 167, 169, 182, 186, 214, 218, 231, 233, 166, 170, 230, 234, -0.3542163073846557, -0.4261662516095146]
[12, 9, 201, 185, 200, 202, 217, 184, 186, 216, 218, 169, 199, 203, 233, 168, 170, 183, 187, 215, 219, 232, 234, 167, 171, 231, 235, -0.27518032033338, -0.5104742331571436]
[12, 10, 202, 186, 201, 203, 218, 185, 187, 217, 219, 170, 200, 204, 234, 169, 171, 184, 188, 216, 220, 233, 235, 168, 172, 232, 236, -0.03572391759199234, -0.1559463686193331]
[12, 11, 203, 187, 202, 204, 219, 186, 188, 218, 220, 171, 201, 205, 235, 170, 172, 185, 189, 217, 221, 234, 236, 169, 173, 233, 237, -0.793076341168701, -0.9534436869331284]
[12, 12, 204, 188, 203, 205, 220, 187, 189, 219, 221, 172, 202, 206, 236, 171, 173, 186, 190, 218, 222, 235, 237, 170, 174, 234, 238, -0.07256384871100952, -0.7012075659473782]
[12, 13, 205, 189, 204, 206, 221, 188, 190, 220, 222, 173, 203, 207, 237, 172, 174, 187, 191, 219, 223, 236, 238, 171, 175, 235, 239, -0.3500169846300847, -0.7473666610678519]
[12, 14, 206, 190, 205, 207, 222, 189, 191, 221, 223, 174, 204, 238, 173, 175, 188, 220, 237, 239, 172, 236, -0.7114383961086334, -0.4835322995466348]
[12, 15, 207, 191, 206, 223, 190, 222, 175, 205, 239, 174, 189, 221, 238, 173, 237, -0.23067383483381743, -0.6162401338725788]
[13, 0, 208, 192, 209, 224, 193, 225, 176, 210, 240, 177, 194, 226, 241, 178, 242, -0.01993401038221032, -0.35872531695443166]
[13, 1, 209, 193, 208, 210, 225, 192, 194, 224, 226, 177, 211, 241, 176, 178, 195, 227, 240, 242, 179, 243, -0.8721175674156818, -0.5230386086184681]
[13, 2, 210, 194, 209, 211, 226, 193, 195, 225, 227, 178, 208, 212, 242, 177, 179, 192, 196, 224, 228, 241, 243, 176, 180, 240, 244, -0.7825289469870449, -0.338142217938159]
[13, 3, 211, 195, 210, 212, 227, 194, 196, 226, 228, 179, 209, 213, 243, 178, 180, 193, 197, 225, 229, 242, 244, 177, 181, 241, 245, -0.5277320048595143, -0.29359471557290096]
[13, 4, 212, 196, 211, 213, 228, 195, 197, 227, 229, 180, 210, 214, 244, 179, 181, 194, 198, 226, 230, 243, 245, 178, 182, 242, 246, -0.4962761637419937, -0.24596123072644482]
[13, 5, 213, 197, 212, 214, 229, 196, 198, 228, 230, 181, 211, 215, 245, 180, 182, 195, 199, 227, 231, 244, 246, 179, 183, 243, 247, -0.21216035831539626, -0.8382883146738428]
[13, 6, 214, 198, 213, 215, 230, 197, 199, 229, 231, 182, 212, 216, 246, 181, 183, 196, 200, 228, 232, 245, 247, 180, 184, 244, 248, -0.009025360413061456, -0.251758790618377]
[13, 7, 215, 199, 214, 216, 231, 198, 200, 230, 232, 183, 213, 217, 247, 182, 184, 197, 201, 229, 233, 246, 248, 181, 185, 245, 249, -0.10018709243457957, -0.4505521439399658]
[13, 8, 216, 200, 215, 217, 232, 199, 201, 231, 233, 184, 214, 218, 248, 183, 185, 198, 202, 230, 234, 247, 249, 182, 186, 246, 250, -0.9597856108640964, -0.8394954575665201]
[13, 9, 217, 201, 216, 218, 233, 200, 202, 232, 234, 185, 215, 219, 249, 184, 186, 199, 203, 231, 235, 248, 250, 183, 187, 247, 251, -0.21951584737447227, -0.2089723680777329]
[13, 10, 218, 202, 217, 219, 234, 201, 203, 233, 235, 186, 216, 220, 250, 185, 187, 200, 204, 232, 236, 249, 251, 184, 188, 248, 252, -0.027093364995534164, -0.8715671899320506]
[13, 11, 219, 203, 218, 220, 235, 202, 204, 234, 236, 187, 217, 221, 251, 186, 188, 201, 205, 233, 237, 250, 252, 185, 189, 249, 253, -0.708444807285159, -0.05488561685794702]
[13, 12, 220, 204, 219, 221, 236, 203, 205, 235, 237, 188, 218, 222, 252, 187, 189, 202, 206, 234, 238, 251, 253, 186, 190, 250, 254, -0.9825468398708255, -0.001116528609674483]
[13, 13, 221, 205, 220, 222, 237, 204, 206, 236, 238, 189, 219, 223, 253, 188, 190, 203, 207, 235, 239, 252, 254, 187, 191, 251, 255, -0.9444523835670396, -0.5825346331387945]
[13, 14, 222, 206, 221, 223, 238, 205, 207, 237, 239, 190, 220, 254, 189, 191, 204, 236, 253, 255, 188, 252, -0.7705104843616061, -0.22289428843811876]
[13, 15, 223, 207, 222, 239, 206, 238, 191, 221, 255, 190, 205, 237, 254, 189, 253, -0.13801616666858108, -0.8636707358803204]
[14, 0, 224, 208, 225, 240, 209, 241, 192, 226, 193, 210, 242, 194, -0.7317799768087612, -0.6547833045637187]
[14, 1, 225, 209, 224, 226, 241, 208, 210, 240, 242, 193, 227, 192, 194, 211, 243, 195, -0.6998103971078322, -0.45989618161888834]
[14, 2, 226, 210, 225, 227, 242, 209, 211, 241, 243, 194, 224, 228, 193, 195, 208, 212, 240, 244, 192, 196, -0.6458910076311422, -0.9320364767472586]
[14, 3, 227, 211, 226, 228, 243, 210, 212, 242, 244, 195, 225, 229, 194, 196, 209, 213, 241, 245, 193, 197, -0.28386601206467466, -0.08571145910864797]
[14, 4, 228, 212, 227, 229, 244, 211, 213, 243, 245, 196, 226, 230, 195, 197, 210, 214, 242, 246, 194, 198, -0.727120936765562, -0.6600418960758125]
[14, 5, 229, 213, 228, 230, 245, 212, 214, 244, 246, 197, 227, 231, 196, 198, 211, 215, 243, 247, 195, 199, -0.43942083984654734, -0.5855692942627733]
[14, 6, 230, 214, 229, 231, 246, 213, 215, 245, 247, 198, 228, 232, 197, 199, 212, 216, 244, 248, 196, 200, -0.632294865432946, -0.7380459966264605]
[14, 7, 231, 215, 230, 232, 247, 214, 216, 246, 248, 199, 229, 233, 198, 200, 213, 217, 245, 249, 197, 201, -0.4829916839597722, -0.20608466452814123]
[14, 8, 232, 216, 231, 233, 248, 215, 217, 247, 249, 200, 230, 234, 199, 201, 214, 218, 246, 250, 198, 202, -0.916874125324913, -0.019812252443519696]
[14, 9, 233, 217, 232, 234, 249, 216, 218, 248, 250, 201, 231, 235, 200, 202, 215, 219, 247, 251, 199, 203, -0.33127251978366967, -0.9327515768489122]
[14, 10, 234, 218, 233, 235, 250, 217, 219, 249, 251, 202, 232, 236, 201, 203, 216, 220, 248, 252, 200, 204, -0.3440592352570869, -0.1366612323847466]
[14, 11, 235, 219, 234, 236, 251, 218, 220, 250, 252, 203, 233, 237, 202, 204, 217, 221, 249, 253, 201, 205, -0.45456220376566825, -0.9028839680529384]
[14, 12, 236, 220, 235, 237, 252, 219, 221, 251, 253, 204, 234, 238, 203, 205, 218, 222, 250, 254, 202, 206, -0.015237952480470773, -0.13932843903505865]
[14, 13, 237, 221, 236, 238, 253, 220, 222, 252, 254, 205, 235, 239, 204, 206, 219, 223, 251, 255, 203, 207, -0.03515831837588834, -0.23207594592003944]
[14, 14, 238, 222, 237, 239, 254, 221, 223, 253, 255, 206, 236, 205, 207, 220, 252, 204, -0.15606120785065458, -0.4451053557163349]
[14, 15, 239, 223, 238, 255, 222, 254, 207, 237, 206, 221, 253, 205, -0.37413794320549987, -0.7339941736495367]
[15, 0, 240, 224, 241, 225, 208, 242, 209, 226, 210, -0.27306772371660437, -0.008013955462666589]
[15, 1, 241, 225, 240, 242, 224, 226, 209, 243, 208, 210, 227, 211, -0.9471766226866368, -0.3179150557345104]
[15, 2, 242, 226, 241, 243, 225, 227, 210, 240, 244, 209, 211, 224, 228, 208, 212, -0.6846365418958174, -0.20317781454930328]
[15, 3, 243, 227, 242, 244, 226, 228, 211, 241, 245, 210, 212, 225, 229, 209, 213, -0.3565769050005332, -0.4991862222123662]
[15, 4, 244, 228, 243, 245, 227, 229, 212, 242, 246, 211, 213, 226, 230, 210, 214, -0.8493526900836417, -0.0165739887636992]
[15, 5, 245, 229, 244, 246, 228, 230, 213, 243, 247, 212, 214, 227, 231, 211, 215, -0.2187088866035345, -0.8592642730982375]
[15, 6, 246, 230, 245, 247, 229, 231, 214, 244, 248, 213, 215, 228, 232, 212, 216, -0.5017063990715127, -0.6703105986893494]
[15, 7, 247, 231, 246, 248, 230, 232, 215, 245, 249, 214, 216, 229, 233, 213, 217, -0.25326572121330015, -0.23709277780072213]
[15, 8, 248, 232, 247, 249, 231, 233, 216, 246, 250, 215, 217, 230, 234, 214, 218, -0.028217076458864954, -0.8026809813553251]
[15, 9, 249, 233, 248, 250, 232, 234, 217, 247, 251, 216, 218, 231, 235, 215, 219, -0.7079309722959995, -0.8994258071182649]
[15, 10, 250, 234, 249, 251, 233, 235, 218, 248, 252, 217, 219, 232, 236, 216, 220, -0.38729544825720386, -0.6614070343323205]
[15, 11, 251, 235, 250, 252, 234, 236, 219, 249, 253, 218, 220, 233, 237, 217, 221, -0.97605280497756, -0.838127212110621]
[15, 12, 252, 236, 251, 253, 235, 237, 220, 250, 254, 219, 221, 234, 238, 218, 222, -0.7457653619622491, -0.004712162908096729]
[15, 13, 253, 237, 252, 254, 236, 238, 221, 251, 255, 220, 222, 235, 239, 219, 223, -0.3778279297098718, -0.3182560684055663]
[15, 14, 254, 238, 253, 255, 237, 239, 222, 252, 221, 223, 236, 220, -0.26612043495368387, -0.15371868692905066]
[15, 15, 255, 239, 254, 238, 223, 253, 222, 237, 221, -0.8141080841710439, -0.9503515933683582]
1.6114208698272705